2.0,200.0,200.0,200.0,4.0,10.0,10.0,47.0,49.0,49.0,0.0,0.0,0.0,1.0,1.0,1.0,0.0,0.0,0.0,115.7,115.8,115.8,0.0,0.0,0.0,0.0,0.0,0.0,15.8,16.0,16.0,0.0,0.0,0.0,31.8,43.7,1,4,0,8200.0
4.0,300.0,300.0,300.0,24.0,48.0,48.0,31.0,31.0,31.0,0.0,0.0,0.0,1.0,1.0,1.0,0.0,0.0,0.0,145.9,191.4,191.4,0.0,0.0,0.0,0.0,0.0,0.0,0.0,0.0,0.0,0.0,0.0,0.0,80.5,31.8,1,4,0,8400.0
2.0,100.0,100.0,100.0,1.0,2.0,8.0,18.0,20.0,33.0,0.0,0.0,0.0,0.0,0.0,0.0,0.0,0.0,0.0,0.0,0.0,0.0,0.0,0.0,0.0,0.0,0.0,0.0,0.0,0.081,0.081,0.0,0.0,0.0,0.567,0.0,1,8,0,8200.0
3.0,0.0,2.0,33.0,1.0,4.0,22.0,4.0,7.0,27.0,0.0,0.0,12.0,0.0,0.0,1.0,0.0,0.0,0.0,0.0,0.0,0.0,0.0,0.0,0.0,0.0,0.0,1.0,0.0,0.0,15.6,0.0,0.0,0.0,107.8,0.567,1,4,0,8400.0
5.0,0.0,1.0,26.0,1.0,5.0,22.0,4.0,7.0,27.0,0.0,0.0,10.0,0.0,0.0,1.0,0.0,0.0,0.0,0.0,0.0,0.0,0.0,0.0,0.0,0.0,0.0,1.0,0.0,0.0,15.6,0.0,0.0,0.0,107.8,0.0,1,4,0,8400.0
10.0,12.0,31.0,600.0,0.0,4.0,21.0,3.0,7.0,26.0,0.0,0.0,17.0,0.0,0.0,1.0,0.0,0.0,0.0,0.0,0.0,0.0,0.0,0.0,0.0,0.0,0.0,1.0,14.0,17.4,20.8,0.0,0.0,0.0,3400.0,107.8,1,8,0,82000.0
8.0,1000.0,1000.0,1000.0,1.0,2.0,2.0,1.0,2.0,2.0,85.0,85.0,85.0,0.0,0.0,0.0,0.0,0.0,0.0,0.0,0.0,0.0,0.0,0.0,0.0,0.0,0.0,0.0,0.0,0.0,0.0,0.0,0.0,0.0,23300.0,685.5,1,4,0,81000.0
8.0,300.0,2000.0,2000.0,0.0,1.0,1.0,2.0,3.0,6.0,47.0,100.0,100.0,0.0,0.0,0.0,0.0,0.0,0.0,0.0,0.0,0.0,0.0,0.0,0.0,0.0,0.0,0.0,0.0,0.0,0.0,0.0,0.0,0.0,164300.0,2800.0,1,4,0,82000.0
3.0,2.0,2.0,2.0,0.0,0.0,0.0,1.0,1.0,1.0,0.0,0.0,0.0,0.0,0.0,0.0,0.0,0.0,0.0,0.0,0.0,0.0,0.0,0.0,0.0,0.0,0.0,0.0,0.136,0.136,0.136,0.0,0.0,0.0,0.136,0.0,1,4,0,83.0
8.0,1000.0,1000.0,1000.0,0.0,1.0,1.0,3.0,3.0,3.0,9.0,9.0,9.0,0.0,0.0,0.0,0.0,0.0,0.0,0.0,0.0,0.0,0.0,0.0,0.0,0.0,0.0,0.0,0.0,0.0,0.0,0.0,0.0,0.0,23300.0,0.136,1,4,0,81000.0
2.0,600.0,600.0,600.0,1.0,1.0,1.0,13.0,13.0,13.0,0.0,0.0,0.0,0.0,0.0,0.0,0.0,0.0,0.0,0.0,0.0,0.0,0.0,0.0,0.0,0.0,0.0,0.0,19.0,19.0,19.0,0.0,0.0,0.0,19.0,0.0,1,4,0,8600.0
5.0,1.0,5.0,31.0,1.0,4.0,35.0,5.0,8.0,38.0,0.0,0.0,22.0,0.0,0.0,1.0,0.0,0.0,0.0,0.0,0.0,0.0,0.0,0.0,0.0,0.0,0.0,1.0,0.0,1.548,5.9,0.0,0.0,0.0,325.5,19.0,1,4,0,8500.0
6.0,25.0,63.0,100.0,1.0,3.0,44.0,3.0,7.0,46.0,0.0,14.0,28.0,0.0,0.0,1.0,0.0,0.0,0.0,0.0,0.0,0.0,0.0,0.0,0.0,0.0,0.0,2.0,53.6,57.6,59.8,0.0,0.0,0.0,11200.0,325.5,1,4,0,82000.0
3.0,45.0,88.0,200.0,0.0,2.0,23.0,1.0,3.0,30.0,0.0,18.0,39.0,0.0,0.0,1.0,0.0,0.0,0.0,0.0,0.0,0.0,0.0,0.0,0.0,0.0,0.0,1.0,231.8,239.3,247.5,0.0,0.0,0.0,46700.0,7300.0,1,8,0,82000.0
3.0,51.0,200.0,400.0,0.0,3.0,40.0,2.0,5.0,38.0,0.0,38.0,300.0,0.0,0.0,1.0,0.0,0.0,0.0,0.0,0.0,0.0,0.0,0.0,0.0,0.0,0.0,1.0,268.2,272.7,276.5,0.0,0.0,0.0,53300.0,46700.0,1,4,0,85000.0
9.0,41.0,95.0,600.0,1.0,2.0,47.0,2.0,5.0,37.0,0.0,13.0,400.0,0.0,0.0,1.0,0.0,0.0,0.0,0.0,0.0,0.0,0.0,0.0,0.0,0.0,0.0,4.0,73.8,77.5,80.0,0.0,0.0,0.0,15100.0,3900.0,1,8,0,83000.0
3.0,25.0,37.0,300.0,0.0,2.0,11.0,1.0,3.0,26.0,0.0,0.0,20.0,0.0,0.0,0.0,0.0,0.0,0.0,0.0,0.0,0.0,0.0,0.0,0.0,0.0,0.0,1.0,199.5,207.1,214.8,0.0,0.0,0.0,40400.0,6700.0,1,4,0,83000.0
3.0,43.0,100.0,800.0,0.0,2.0,30.0,1.0,3.0,21.0,0.0,13.0,800.0,0.0,0.0,1.0,0.0,0.0,0.0,0.0,0.0,0.0,0.0,0.0,0.0,0.0,0.0,1.0,294.9,298.6,302.3,0.0,0.0,0.0,58300.0,40400.0,1,4,0,86000.0
6.0,1.0,29.0,59.0,0.0,1.0,9.0,1.0,2.0,13.0,0.0,0.0,16.0,0.0,0.0,1.0,0.0,0.0,0.0,0.0,0.0,0.0,0.0,0.0,0.0,0.0,0.0,0.0,93.4,152.4,221.8,0.0,0.0,0.0,29800.0,4800.0,1,4,0,83000.0
6.0,1.0,2.0,81.0,0.0,5.0,22.0,3.0,5.0,21.0,0.0,0.0,15.0,0.0,0.0,1.0,0.0,0.0,0.0,0.0,0.0,0.0,0.0,0.0,0.0,0.0,0.0,0.0,0.0,0.0,9.4,0.0,0.0,0.0,107.3,18.9,1,4,0,8500.0
8.0,1000.0,2000.0,4000.0,0.0,2.0,11.0,1.0,3.0,13.0,47.0,200.0,600.0,0.0,0.0,0.0,0.0,0.0,0.0,0.0,0.0,0.0,0.0,0.0,0.0,0.0,0.0,0.0,0.0,0.0,0.0,0.0,0.0,0.0,726000.0,53300.0,1,4,0,820000.0
8.0,1000.0,2000.0,3000.0,0.0,1.0,3.0,1.0,3.0,4.0,84.0,100.0,600.0,0.0,0.0,1.0,0.0,0.0,0.0,0.0,0.0,0.0,0.0,0.0,0.0,0.0,0.0,0.0,0.0,0.0,0.0,0.0,0.0,0.0,726000.0,58300.0,1,8,0,818000.0
8.0,4000.0,26000.0,28000.0,1.0,3.0,45.0,4.0,4.0,5.0,300.0,3000.0,3000.0,0.0,0.0,0.0,0.0,0.0,0.0,0.0,0.0,0.0,0.0,0.0,0.0,0.0,0.0,0.0,0.0,0.0,0.0,0.0,0.0,0.0,164300.0,3600.0,1,8,0,830000.0
8.0,3000.0,4000.0,6000.0,1.0,4.0,32.0,1.0,4.0,10.0,300.0,600.0,2000.0,0.0,0.0,1.0,0.0,0.0,0.0,0.0,0.0,0.0,0.0,0.0,0.0,0.0,0.0,0.0,0.0,0.0,0.0,0.0,0.0,0.0,726000.0,29800.0,1,4,0,815000.0
8.0,89.0,90.0,90.0,1.0,1.0,1.0,2.0,3.0,3.0,0.0,0.0,0.0,0.0,0.0,0.0,0.0,0.0,0.0,0.0,0.0,0.0,0.0,0.0,0.0,0.0,0.0,0.0,0.0,0.0,0.0,0.0,0.0,0.0,1456.1,107.2,1,4,0,897.0
8.0,4.0,10.0,10.0,2.0,2.0,2.0,1.0,1.0,1.0,0.0,0.0,0.0,0.0,0.0,0.0,0.0,0.0,0.0,0.0,0.0,0.0,0.0,0.0,0.0,0.0,0.0,0.0,0.0,0.0,0.0,0.0,0.0,0.0,3.3,0.059,1,4,0,841.0
2.0,5.0,12.0,100.0,0.0,3.0,32.0,8.0,12.0,42.0,0.0,0.0,26.0,0.0,0.0,0.0,0.0,0.0,0.0,0.0,0.0,0.0,0.0,0.0,0.0,0.0,0.0,0.0,0.0,0.121,0.131,0.0,0.0,0.0,21.3,0.0,1,4,0,8800.0
6.0,2.0,9.0,38.0,0.0,3.0,23.0,3.0,6.0,21.0,0.0,0.0,12.0,0.0,0.0,1.0,0.0,0.0,0.0,0.0,0.0,0.0,0.0,0.0,0.0,0.0,0.0,1.0,0.944,1.787,2.8,0.0,0.0,0.0,350.6,21.3,1,8,0,8500.0
8.0,1.0,4.0,93.0,1.0,3.0,27.0,3.0,5.0,26.0,0.0,0.0,14.0,0.0,0.0,1.0,0.0,0.0,0.0,0.0,0.0,0.0,0.0,0.0,0.0,0.0,0.0,8.0,0.944,1.787,2.8,0.0,0.0,0.0,350.6,0.0,1,8,0,8400.0
6.0,23.0,42.0,94.0,0.0,2.0,24.0,3.0,5.0,38.0,0.0,0.0,18.0,0.0,0.0,1.0,0.0,0.0,0.0,0.0,0.0,0.0,0.0,0.0,0.0,0.0,0.0,4.0,55.0,57.7,59.6,0.0,0.0,0.0,11300.0,316.7,1,4,0,81000.0
3.0,29.0,85.0,2000.0,0.0,2.0,2000.0,1.0,3.0,200.0,0.0,18.0,200.0,0.0,0.0,1.0,0.0,0.0,0.0,0.0,0.0,0.0,0.0,0.0,0.0,0.0,0.0,1.0,55.6,58.8,61.8,0.0,0.0,0.0,11500.0,10700.0,1,4,0,86000.0
6.0,7.0,35.0,2000.0,0.0,3.0,2000.0,1.0,5.0,29.0,0.0,0.0,17.0,0.0,0.0,1.0,0.0,0.0,0.0,0.0,0.0,0.0,0.0,0.0,0.0,0.0,0.0,1.0,47.3,51.7,55.1,0.0,0.0,0.0,10100.0,537.8,1,8,0,83000.0
6.0,1.0,2.0,39.0,0.0,2.0,16.0,2.0,4.0,22.0,0.0,0.0,16.0,0.0,0.0,1.0,0.0,0.0,0.0,0.0,0.0,0.0,0.0,0.0,0.0,0.0,0.0,0.0,0.0,0.0,38.2,0.0,0.0,0.0,456.4,33.9,1,4,0,8800.0
8.0,1000.0,2000.0,3000.0,0.0,2.0,9.0,2.0,3.0,5.0,70.0,97.0,300.0,0.0,0.0,1.0,0.0,0.0,0.0,0.0,0.0,0.0,0.0,0.0,0.0,0.0,0.0,0.0,0.0,0.0,0.0,0.0,0.0,0.0,726000.0,11500.0,1,4,0,89000.0
8.0,4000.0,7000.0,9000.0,1.0,3.0,3.0,2.0,4.0,5.0,200.0,600.0,700.0,0.0,0.0,0.0,0.0,0.0,0.0,0.0,0.0,0.0,0.0,0.0,0.0,0.0,0.0,0.0,0.0,0.0,0.0,0.0,0.0,0.0,113700.0,10100.0,1,4,0,89000.0
8.0,800.0,800.0,800.0,2.0,2.0,2.0,4.0,5.0,5.0,47.0,47.0,47.0,0.0,0.0,0.0,0.0,0.0,0.0,0.0,0.0,0.0,0.0,0.0,0.0,0.0,0.0,0.0,0.0,0.0,0.0,0.0,0.0,0.0,23100.0,36.1,1,4,0,8800.0
8.0,600.0,600.0,600.0,2.0,2.0,2.0,2.0,3.0,3.0,22.0,22.0,22.0,0.0,0.0,0.0,0.0,0.0,0.0,0.0,0.0,0.0,0.0,0.0,0.0,0.0,0.0,0.0,0.0,0.0,0.0,0.0,0.0,0.0,3.3,0.059,1,4,0,8600.0
8.0,600.0,600.0,600.0,1.0,4.0,4.0,3.0,3.0,3.0,22.0,22.0,22.0,0.0,0.0,0.0,0.0,0.0,0.0,0.0,0.0,0.0,0.0,0.0,0.0,0.0,0.0,0.0,0.0,0.0,0.0,0.0,0.0,0.0,1456.1,456.4,1,4,0,8600.0
2.0,16.0,16.0,16.0,0.0,0.0,0.0,6.0,6.0,6.0,0.0,0.0,0.0,0.0,0.0,0.0,0.0,0.0,0.0,0.0,0.0,0.0,0.0,0.0,0.0,1.0,1.0,1.0,11.3,11.3,11.3,0.0,0.0,0.0,11.3,0.0,1,8,0,823.0
6.0,4.0,8.0,700.0,0.0,3.0,700.0,2.0,4.0,700.0,0.0,0.0,18.0,0.0,0.0,1.0,0.0,0.0,0.0,0.0,0.0,0.0,0.0,0.0,0.0,0.0,0.0,1.0,38.8,42.6,45.7,0.0,0.0,0.0,8300.0,11.3,1,4,0,81000.0
8.0,1000.0,2000.0,4000.0,0.0,2.0,16.0,1.0,4.0,11.0,74.0,200.0,600.0,0.0,0.0,0.0,0.0,0.0,0.0,0.0,0.0,0.0,0.0,0.0,0.0,0.0,0.0,0.0,0.0,0.0,0.0,0.0,0.0,0.0,726000.0,4300.0,1,8,0,88000.0
8.0,3000.0,4000.0,4000.0,1.0,2.0,2.0,2.0,2.0,2.0,300.0,300.0,300.0,0.0,0.0,0.0,0.0,0.0,0.0,0.0,0.0,0.0,0.0,0.0,0.0,0.0,0.0,0.0,0.0,0.0,0.0,0.0,0.0,0.0,23100.0,4000.0,1,8,0,84000.0
2.0,31.0,31.0,31.0,1.0,1.0,1.0,7.0,7.0,7.0,0.0,0.0,0.0,0.0,0.0,0.0,0.0,0.0,0.0,0.0,0.0,0.0,0.0,0.0,0.0,0.0,0.0,0.0,6.7,6.7,6.7,0.0,0.0,0.0,6.7,0.0,1,4,0,839.0
8.0,1.0,3.0,19.0,0.0,3.0,14.0,2.0,4.0,16.0,0.0,0.0,6.0,0.0,0.0,2.0,0.0,0.0,0.0,0.0,0.0,0.0,0.0,0.0,0.0,0.0,0.0,0.0,7.6,8.3,9.1,0.0,0.0,0.0,1665.3,6.7,1,4,0,8300.0
9.0,1.0,3.0,85.0,0.0,2.0,27.0,2.0,3.0,20.0,0.0,0.0,12.0,0.0,0.0,1.0,0.0,0.0,0.0,0.0,0.0,0.0,0.0,0.0,0.0,0.0,0.0,0.0,359.3,374.3,387.9,0.0,0.0,0.0,73100.0,7.6,1,4,0,8500.0
3.0,6.0,11.0,33.0,0.0,2.0,14.0,2.0,3.0,16.0,0.0,0.0,12.0,0.0,0.0,1.0,0.0,0.0,0.0,0.0,0.0,0.0,0.0,0.0,0.0,0.0,0.0,0.0,61.8,64.3,66.2,0.0,0.0,0.0,12600.0,2.8,1,8,0,81000.0
8.0,2000.0,2000.0,2000.0,1.0,2.0,2.0,4.0,6.0,6.0,300.0,300.0,300.0,0.0,0.0,0.0,0.0,0.0,0.0,0.0,0.0,0.0,0.0,0.0,0.0,0.0,0.0,0.0,0.0,0.0,0.0,0.0,0.0,0.0,23300.0,1657.7,1,4,0,82000.0
8.0,1000.0,2000.0,3000.0,0.0,2.0,3.0,1.0,3.0,5.0,68.0,100.0,400.0,0.0,0.0,0.0,0.0,0.0,0.0,0.0,0.0,0.0,0.0,0.0,0.0,0.0,0.0,0.0,0.0,0.0,0.0,0.0,0.0,0.0,726000.0,37000.0,1,8,0,814000.0
8.0,2000.0,11000.0,13000.0,0.0,2.0,4.0,1.0,2.0,4.0,100.0,800.0,800.0,0.0,0.0,0.0,0.0,0.0,0.0,0.0,0.0,0.0,0.0,0.0,0.0,0.0,0.0,0.0,0.0,0.0,0.0,0.0,0.0,0.0,164300.0,36100.0,1,8,0,814000.0
8.0,1000.0,3000.0,3000.0,1.0,3.0,9.0,2.0,5.0,25.0,62.0,200.0,400.0,0.0,0.0,0.0,0.0,0.0,0.0,0.0,0.0,0.0,0.0,0.0,0.0,0.0,0.0,0.0,0.0,0.0,0.0,0.0,0.0,0.0,726000.0,12600.0,1,8,0,88000.0
2.0,15.0,15.0,15.0,1.0,1.0,1.0,5.0,5.0,5.0,0.0,0.0,0.0,0.0,0.0,0.0,0.0,0.0,0.0,0.0,0.0,0.0,0.0,0.0,0.0,0.0,0.0,0.0,11.4,11.4,11.4,0.0,0.0,0.0,11.4,0.0,1,8,0,821.0
9.0,1.0,20.0,72.0,0.0,2.0,27.0,2.0,4.0,34.0,0.0,0.0,12.0,0.0,0.0,1.0,0.0,0.0,0.0,0.0,0.0,0.0,0.0,0.0,0.0,0.0,0.0,8.0,375.1,409.3,438.0,0.0,0.0,0.0,79800.0,11.4,1,8,0,8700.0
7.0,9.0,31.0,100.0,1.0,3.0,37.0,2.0,4.0,31.0,0.0,0.0,32.0,0.0,0.0,2.0,0.0,0.0,0.0,0.0,0.0,0.0,0.0,0.0,0.0,0.0,0.0,1.0,203.0,225.8,243.8,0.0,0.0,0.0,43900.0,9.2,1,8,0,82000.0
8.0,1000.0,3000.0,6000.0,0.0,2.0,18.0,2.0,4.0,43.0,100.0,400.0,1000.0,0.0,0.0,1.0,0.0,0.0,0.0,0.0,0.0,0.0,0.0,0.0,0.0,0.0,0.0,0.0,0.0,0.0,0.0,0.0,0.0,0.0,726000.0,79700.0,1,8,0,813000.0
8.0,2000.0,6000.0,15000.0,0.0,2.0,9.0,1.0,2.0,13.0,84.0,300.0,700.0,0.0,0.0,0.0,0.0,0.0,0.0,0.0,0.0,0.0,0.0,0.0,0.0,0.0,0.0,0.0,0.0,0.0,0.0,0.0,0.0,0.0,726000.0,43900.0,1,4,0,822000.0
8.0,900.0,1000.0,1000.0,1.0,1.0,1.0,2.0,3.0,3.0,400.0,400.0,400.0,0.0,0.0,0.0,0.0,0.0,0.0,0.0,0.0,0.0,0.0,0.0,0.0,0.0,0.0,0.0,0.0,0.0,0.0,0.0,0.0,0.0,23100.0,9.0,1,8,0,81000.0
2.0,12.0,30.0,100.0,0.0,2.0,21.0,7.0,13.0,73.0,0.0,0.0,46.0,0.0,0.0,1.0,0.0,0.0,0.0,0.0,0.0,0.0,0.0,0.0,0.0,0.0,0.0,2.0,6.9,8.4,10.3,0.0,0.0,0.0,1681.3,0.0,1,8,0,81000.0
3.0,17.0,71.0,200.0,0.0,3.0,34.0,3.0,7.0,44.0,0.0,0.0,29.0,0.0,0.0,1.0,0.0,0.0,0.0,0.0,0.0,0.0,0.0,0.0,0.0,0.0,0.0,9.0,24.0,32.9,38.8,0.0,0.0,0.0,6400.0,1681.3,1,4,0,82000.0
5.0,13.0,29.0,100.0,1.0,3.0,19.0,4.0,7.0,67.0,0.0,0.0,34.0,0.0,0.0,1.0,0.0,0.0,0.0,0.0,0.0,0.0,0.0,0.0,0.0,0.0,0.0,2.0,24.0,32.9,38.8,0.0,0.0,0.0,6400.0,0.0,1,8,0,81000.0
3.0,43.0,72.0,200.0,0.0,2.0,24.0,2.0,4.0,40.0,0.0,15.0,39.0,0.0,0.0,1.0,0.0,0.0,0.0,0.0,0.0,0.0,0.0,0.0,0.0,0.0,0.0,1.0,32.5,35.6,38.5,0.0,0.0,0.0,6900.0,6400.0,1,4,0,82000.0
6.0,37.0,78.0,200.0,0.0,2.0,16.0,2.0,3.0,37.0,0.0,16.0,49.0,0.0,0.0,1.0,0.0,0.0,0.0,0.0,0.0,0.0,0.0,0.0,0.0,0.0,0.0,2.0,62.2,66.7,70.0,0.0,0.0,0.0,13000.0,6900.0,1,8,0,82000.0
6.0,34.0,66.0,100.0,0.0,2.0,24.0,1.0,3.0,27.0,0.0,19.0,43.0,0.0,0.0,1.0,0.0,0.0,0.0,0.0,0.0,0.0,0.0,0.0,0.0,0.0,0.0,1.0,20.7,33.6,48.8,0.0,0.0,0.0,6600.0,12300.0,1,4,0,82000.0
8.0,9000.0,9000.0,9000.0,0.0,1.0,1.0,3.0,3.0,3.0,3000.0,3000.0,3000.0,0.0,1.0,1.0,0.0,0.0,0.0,0.0,0.0,0.0,0.0,0.0,0.0,0.0,0.0,0.0,0.0,0.0,0.0,0.0,0.0,0.0,23100.0,759.8,1,8,0,89000.0
8.0,7000.0,9000.0,9000.0,0.0,1.0,1.0,3.0,3.0,3.0,3000.0,3000.0,3000.0,0.0,0.0,0.0,0.0,0.0,0.0,0.0,0.0,0.0,0.0,0.0,0.0,0.0,0.0,0.0,0.0,0.0,0.0,0.0,0.0,0.0,113700.0,6500.0,1,8,0,89000.0
8.0,3000.0,3000.0,3000.0,1.0,2.0,2.0,1.0,1.0,1.0,3000.0,3000.0,3000.0,0.0,0.0,0.0,0.0,0.0,0.0,0.0,0.0,0.0,0.0,0.0,0.0,0.0,0.0,0.0,0.0,0.0,0.0,0.0,0.0,0.0,1456.1,100.5,1,4,0,83000.0
2.0,5.0,5.0,5.0,0.0,1.0,1.0,9.0,9.0,9.0,0.0,0.0,0.0,0.0,0.0,0.0,0.0,0.0,0.0,0.0,0.0,0.0,0.0,0.0,0.0,0.0,0.0,0.0,0.0,0.148,0.148,0.0,0.0,0.0,0.148,0.0,1,8,0,815.0
6.0,1.0,3.0,20.0,0.0,2.0,13.0,2.0,3.0,18.0,0.0,0.0,9.0,0.0,0.0,2.0,0.0,0.0,0.0,0.0,0.0,0.0,0.0,0.0,0.0,0.0,0.0,1.0,9.6,14.7,20.9,0.0,0.0,0.0,2900.0,0.148,1,8,0,8200.0
8.0,1.0,3.0,27.0,0.0,2.0,19.0,2.0,3.0,17.0,0.0,0.0,11.0,0.0,0.0,2.0,0.0,0.0,0.0,0.0,0.0,0.0,0.0,0.0,0.0,0.0,0.0,1.0,9.6,14.7,20.9,0.0,0.0,0.0,2900.0,0.0,1,8,0,8300.0
8.0,200.0,400.0,400.0,1.0,2.0,2.0,2.0,2.0,2.0,0.0,0.0,0.0,0.0,0.0,0.0,0.0,0.0,0.0,0.0,0.0,0.0,0.0,0.0,0.0,0.0,0.0,0.0,0.0,0.0,0.0,0.0,0.0,0.0,1456.1,694.8,1,4,0,8400.0
3.0,8.0,8.0,8.0,1.0,1.0,1.0,1.0,1.0,1.0,0.0,0.0,0.0,0.0,0.0,0.0,0.0,0.0,0.0,0.0,0.0,0.0,0.0,0.0,0.0,0.0,0.0,0.0,11.5,11.5,11.5,0.0,0.0,0.0,11.5,0.0,1,8,0,810.0
3.0,1.0,3.0,500.0,0.0,2.0,400.0,1.0,2.0,100.0,0.0,0.0,10.0,0.0,0.0,1.0,0.0,0.0,0.0,0.0,0.0,0.0,0.0,0.0,0.0,0.0,0.0,0.0,7.4,11.3,16.1,0.0,0.0,0.0,2200.0,11.5,1,4,0,8800.0
8.0,4000.0,15000.0,20000.0,0.0,1.0,2.0,1.0,3.0,5.0,67.0,200.0,300.0,0.0,0.0,0.0,0.0,0.0,0.0,0.0,0.0,0.0,0.0,0.0,0.0,0.0,0.0,0.0,0.0,0.0,0.0,0.0,0.0,0.0,726000.0,2200.0,1,4,0,842000.0
2.0,300.0,300.0,300.0,1.0,1.0,1.0,8.0,8.0,8.0,0.0,0.0,0.0,0.0,0.0,0.0,0.0,0.0,0.0,0.0,0.0,0.0,0.0,0.0,0.0,0.0,0.0,0.0,13.3,13.3,13.3,0.0,0.0,0.0,13.3,0.0,1,4,0,8300.0
6.0,2.0,6.0,300.0,0.0,2.0,100.0,1.0,3.0,10.0,0.0,0.0,15.0,0.0,0.0,1.0,0.0,0.0,0.0,0.0,0.0,0.0,0.0,0.0,0.0,0.0,0.0,1.0,23.2,25.1,27.2,0.0,0.0,0.0,4900.0,13.3,1,8,0,8900.0
8.0,7000.0,14000.0,25000.0,0.0,1.0,2.0,1.0,2.0,6.0,84.0,300.0,600.0,0.0,0.0,1.0,0.0,0.0,0.0,0.0,0.0,0.0,0.0,0.0,0.0,0.0,0.0,0.0,0.0,0.0,0.0,0.0,0.0,0.0,726000.0,1630.9,1,4,0,849000.0
8.0,11000.0,12000.0,12000.0,1.0,2.0,2.0,1.0,2.0,2.0,200.0,200.0,200.0,0.0,0.0,0.0,0.0,0.0,0.0,0.0,0.0,0.0,0.0,0.0,0.0,0.0,0.0,0.0,0.0,0.0,0.0,0.0,0.0,0.0,23100.0,3300.0,1,8,0,812000.0
2.0,4.0,10.0,44.0,0.0,1.0,7.0,5.0,9.0,42.0,0.0,0.0,24.0,0.0,0.0,1.0,0.0,0.0,0.0,0.0,0.0,0.0,0.0,0.0,0.0,0.0,0.0,0.0,0.0,0.063,0.063,0.0,0.0,0.0,2.6,0.0,1,4,0,8200.0
3.0,0.0,1.0,34.0,0.0,2.0,15.0,2.0,3.0,20.0,0.0,0.0,11.0,0.0,0.0,1.0,0.0,0.0,0.0,0.0,0.0,0.0,0.0,0.0,0.0,0.0,0.0,1.0,0.0,0.0,14.7,0.0,0.0,0.0,359.0,2.6,1,4,0,8200.0
5.0,0.0,1.0,30.0,0.0,3.0,16.0,2.0,3.0,21.0,0.0,0.0,12.0,0.0,0.0,1.0,0.0,0.0,0.0,0.0,0.0,0.0,0.0,0.0,0.0,0.0,0.0,1.0,0.0,0.0,14.7,0.0,0.0,0.0,359.0,0.0,1,8,0,8300.0
3.0,8.0,21.0,72.0,0.0,2.0,17.0,2.0,3.0,27.0,0.0,0.0,13.0,0.0,0.0,1.0,0.0,0.0,0.0,0.0,0.0,0.0,0.0,0.0,0.0,0.0,0.0,0.0,3.9,4.5,15.4,0.0,0.0,0.0,905.4,359.0,1,4,0,8800.0
7.0,10.0,26.0,400.0,0.0,2.0,300.0,2.0,3.0,300.0,0.0,0.0,50.0,0.0,0.0,1.0,0.0,0.0,0.0,0.0,0.0,0.0,0.0,0.0,0.0,0.0,0.0,0.0,66.9,80.0,89.8,0.0,0.0,0.0,15600.0,905.4,1,8,0,81000.0
8.0,900.0,3000.0,3000.0,1.0,2.0,4.0,3.0,3.0,7.0,500.0,600.0,600.0,0.0,0.0,0.0,0.0,0.0,0.0,0.0,0.0,0.0,0.0,0.0,0.0,0.0,0.0,0.0,0.0,0.0,0.0,0.0,0.0,0.0,164300.0,14700.0,1,4,0,83000.0
8.0,2000.0,2000.0,2000.0,0.0,1.0,1.0,3.0,4.0,4.0,500.0,500.0,500.0,0.0,0.0,0.0,0.0,0.0,0.0,0.0,0.0,0.0,0.0,0.0,0.0,0.0,0.0,0.0,0.0,0.0,0.0,0.0,0.0,0.0,23300.0,962.9,1,4,0,82000.0
2.0,100.0,100.0,100.0,1.0,1.0,1.0,7.0,9.0,11.0,0.0,0.0,0.0,0.0,0.0,0.0,0.0,0.0,0.0,0.0,0.0,0.0,0.0,0.0,0.0,0.0,0.0,0.0,0.0,0.077,0.077,0.0,0.0,0.0,0.154,0.0,1,4,0,8200.0
3.0,0.0,1.0,11.0,0.0,2.0,11.0,1.0,3.0,14.0,0.0,0.0,5.0,0.0,0.0,1.0,0.0,0.0,0.0,0.0,0.0,0.0,0.0,0.0,0.0,0.0,0.0,0.0,0.0,0.0,14.7,0.0,0.0,0.0,29.3,0.154,1,4,0,8200.0
5.0,0.0,1.0,28.0,0.0,2.0,32.0,1.0,3.0,30.0,0.0,0.0,4.0,0.0,0.0,1.0,0.0,0.0,0.0,0.0,0.0,0.0,0.0,0.0,0.0,0.0,0.0,0.0,0.0,0.0,14.7,0.0,0.0,0.0,29.3,0.0,1,8,0,8200.0
6.0,9.0,16.0,100.0,0.0,2.0,25.0,2.0,4.0,26.0,0.0,0.0,22.0,0.0,0.0,1.0,0.0,0.0,0.0,0.0,0.0,0.0,0.0,0.0,0.0,0.0,0.0,1.0,71.0,74.3,76.8,0.0,0.0,0.0,14500.0,29.3,1,8,0,8800.0
8.0,2000.0,10000.0,13000.0,0.0,1.0,2.0,1.0,2.0,4.0,27.0,300.0,400.0,0.0,0.0,0.0,0.0,0.0,0.0,0.0,0.0,0.0,0.0,0.0,0.0,0.0,0.0,0.0,0.0,0.0,0.0,0.0,0.0,0.0,164300.0,13900.0,1,8,0,813000.0
8.0,6000.0,12000.0,20000.0,0.0,1.0,2.0,1.0,2.0,6.0,100.0,300.0,600.0,0.0,0.0,0.0,0.0,0.0,0.0,0.0,0.0,0.0,0.0,0.0,0.0,0.0,0.0,0.0,0.0,0.0,0.0,0.0,0.0,0.0,726000.0,593.5,1,8,0,839000.0
2.0,4.0,17.0,82.0,0.0,2.0,41.0,6.0,12.0,59.0,0.0,0.0,32.0,0.0,0.0,0.0,0.0,0.0,0.0,0.0,0.0,0.0,0.0,0.0,0.0,0.0,0.0,0.0,0.317,0.368,0.444,0.0,0.0,0.0,74.9,0.0,1,4,0,81000.0
5.0,8.0,16.0,56.0,0.0,2.0,22.0,2.0,4.0,26.0,0.0,0.0,14.0,0.0,0.0,7.0,0.0,0.0,0.0,0.0,0.0,0.0,0.0,0.0,0.0,0.0,0.0,1.0,5.6,7.0,8.0,0.0,0.0,0.0,1383.6,74.9,1,4,0,8700.0
7.0,4.0,10.0,200.0,1.0,3.0,40.0,1.0,4.0,34.0,0.0,0.0,25.0,0.0,0.0,3.0,0.0,0.0,0.0,0.0,0.0,0.0,0.0,0.0,0.0,0.0,0.0,15.0,5.6,7.0,8.0,0.0,0.0,0.0,1383.6,0.0,1,4,0,8700.0
6.0,1.0,33.0,100.0,0.0,2.0,16.0,1.0,3.0,35.0,0.0,7.0,26.0,0.0,0.0,3.0,0.0,0.0,0.0,0.0,0.0,0.0,0.0,0.0,0.0,0.0,0.0,1.0,43.8,72.9,105.4,0.0,0.0,0.0,14200.0,1383.6,1,4,0,81000.0
8.0,400.0,600.0,600.0,0.0,1.0,1.0,1.0,1.0,2.0,68.0,76.0,76.0,0.0,0.0,0.0,0.0,0.0,0.0,0.0,0.0,0.0,0.0,0.0,0.0,0.0,0.0,0.0,0.0,0.0,0.0,0.0,0.0,0.0,113700.0,14200.0,1,8,0,8600.0
3.0,7.0,7.0,7.0,1.0,1.0,1.0,1.0,1.0,1.0,0.0,0.0,0.0,0.0,0.0,0.0,0.0,0.0,0.0,0.0,0.0,0.0,0.0,0.0,0.0,0.0,0.0,0.0,11.5,11.5,11.5,0.0,0.0,0.0,11.5,0.0,1,4,0,89.0
6.0,0.0,4.0,16.0,0.0,2.0,17.0,1.0,3.0,20.0,0.0,0.0,7.0,0.0,0.0,5.0,0.0,0.0,0.0,0.0,0.0,0.0,0.0,0.0,0.0,0.0,0.0,1.0,33.6,56.4,81.0,0.0,0.0,0.0,11000.0,11.5,1,4,0,8300.0
6.0,0.0,1.0,22.0,0.0,1.0,1000.0,1.0,2.0,1000.0,0.0,0.0,1000.0,0.0,0.0,1.0,0.0,0.0,0.0,0.0,0.0,0.0,0.0,0.0,0.0,0.0,0.0,0.0,0.0,0.0,5.6,0.0,0.0,0.0,59.4,11.7,1,4,0,81000.0
8.0,3000.0,4000.0,5000.0,0.0,1.0,1.0,1.0,2.0,5.0,1000.0,1000.0,1000.0,0.0,0.0,0.0,0.0,0.0,0.0,0.0,0.0,0.0,0.0,0.0,0.0,0.0,0.0,0.0,0.0,0.0,0.0,0.0,0.0,0.0,113700.0,11000.0,1,4,0,85000.0
8.0,63.0,100.0,100.0,2.0,4.0,4.0,1.0,1.0,1.0,0.0,26.0,26.0,0.0,0.0,0.0,0.0,0.0,0.0,0.0,0.0,0.0,0.0,0.0,0.0,0.0,0.0,0.0,0.0,0.0,0.0,0.0,0.0,0.0,1456.1,59.4,1,4,0,8100.0
8.0,4.0,12.0,12.0,1.0,3.0,3.0,1.0,2.0,2.0,0.0,0.0,0.0,0.0,0.0,0.0,0.0,0.0,0.0,0.0,0.0,0.0,0.0,0.0,0.0,0.0,0.0,0.0,0.0,0.0,0.0,0.0,0.0,0.0,3.3,0.059,1,8,0,815.0
2.0,15.0,15.0,15.0,0.0,0.0,0.0,6.0,6.0,6.0,0.0,0.0,0.0,0.0,0.0,0.0,0.0,0.0,0.0,0.0,0.0,0.0,0.0,0.0,0.0,0.0,0.0,0.0,593.0,593.0,593.0,0.0,0.0,0.0,593.0,0.0,1,8,0,821.0
5.0,7.0,12.0,47.0,0.0,2.0,28.0,2.0,4.0,36.0,0.0,0.0,21.0,0.0,0.0,1.0,0.0,0.0,0.0,0.0,0.0,0.0,0.0,0.0,0.0,0.0,0.0,3.0,44.5,53.8,63.3,0.0,0.0,0.0,10500.0,593.0,1,4,0,8600.0
6.0,25.0,54.0,100.0,0.0,2.0,37.0,1.0,4.0,31.0,0.0,9.0,25.0,0.0,0.0,1.0,0.0,0.0,0.0,0.0,0.0,0.0,0.0,0.0,0.0,0.0,0.0,1.0,136.9,146.1,155.0,0.0,0.0,0.0,28600.0,10500.0,1,8,0,82000.0
6.0,0.0,1.0,100.0,0.0,1.0,5.0,1.0,2.0,8.0,0.0,0.0,16.0,0.0,0.0,0.0,0.0,0.0,0.0,0.0,0.0,0.0,0.0,0.0,0.0,0.0,0.0,1.0,0.0,0.0,491.1,0.0,0.0,0.0,6300.0,8200.0,1,4,0,81000.0
6.0,6.0,9.0,300.0,0.0,1.0,24.0,1.0,2.0,12.0,0.0,0.0,16.0,0.0,0.0,2.0,0.0,0.0,0.0,0.0,0.0,0.0,0.0,0.0,0.0,0.0,0.0,0.0,81.4,90.6,99.7,0.0,0.0,0.0,17700.0,6300.0,1,4,0,82000.0
8.0,6000.0,12000.0,15000.0,0.0,1.0,2.0,1.0,2.0,6.0,85.0,300.0,500.0,0.0,0.0,0.0,0.0,0.0,0.0,0.0,0.0,0.0,0.0,0.0,0.0,0.0,0.0,0.0,0.0,0.0,0.0,0.0,0.0,0.0,726000.0,20300.0,1,4,0,841000.0
8.0,10.0,16.0,16.0,1.0,2.0,2.0,3.0,4.0,4.0,0.0,0.0,0.0,0.0,0.0,0.0,0.0,0.0,0.0,0.0,0.0,0.0,0.0,0.0,0.0,0.0,0.0,0.0,0.0,0.0,0.0,0.0,0.0,0.0,3.3,1.826,1,8,0,836.0
8.0,4000.0,4000.0,4000.0,3.0,4.0,4.0,1.0,2.0,2.0,300.0,300.0,300.0,0.0,0.0,0.0,0.0,0.0,0.0,0.0,0.0,0.0,0.0,0.0,0.0,0.0,0.0,0.0,0.0,0.0,0.0,0.0,0.0,0.0,23300.0,16900.0,1,4,0,84000.0
8.0,2000.0,8000.0,9000.0,1.0,1.0,3.0,2.0,3.0,5.0,200.0,400.0,500.0,0.0,0.0,0.0,0.0,0.0,0.0,0.0,0.0,0.0,0.0,0.0,0.0,0.0,0.0,0.0,0.0,0.0,0.0,0.0,0.0,0.0,164300.0,780.6,1,8,0,89000.0
2.0,5.0,17.0,62.0,0.0,3.0,35.0,7.0,11.0,54.0,0.0,0.0,24.0,0.0,0.0,1.0,0.0,0.0,0.0,0.0,0.0,0.0,0.0,0.0,0.0,0.0,0.0,0.0,0.0,0.092,0.1,0.0,0.0,0.0,15.9,0.0,1,4,0,8800.0
3.0,0.0,16.0,54.0,0.0,2.0,23.0,2.0,4.0,33.0,0.0,0.0,19.0,0.0,0.0,1.0,0.0,0.0,0.0,0.0,0.0,0.0,0.0,0.0,0.0,0.0,0.0,1.0,0.0,18.0,40.4,0.0,0.0,0.0,2500.0,15.9,1,8,0,8500.0
5.0,0.0,12.0,46.0,0.0,2.0,11.0,2.0,4.0,20.0,0.0,0.0,20.0,0.0,0.0,1.0,0.0,0.0,0.0,0.0,0.0,0.0,0.0,0.0,0.0,0.0,0.0,12.0,0.0,18.0,40.4,0.0,0.0,0.0,2500.0,0.0,1,4,0,8400.0
6.0,27.0,62.0,100.0,0.0,2.0,25.0,2.0,5.0,30.0,0.0,12.0,25.0,0.0,0.0,1.0,0.0,0.0,0.0,0.0,0.0,0.0,0.0,0.0,0.0,0.0,0.0,4.0,161.6,170.8,177.9,0.0,0.0,0.0,33400.0,2500.0,1,4,0,82000.0
6.0,37.0,77.0,200.0,0.0,2.0,30.0,2.0,4.0,30.0,0.0,17.0,40.0,0.0,0.0,1.0,0.0,0.0,0.0,0.0,0.0,0.0,0.0,0.0,0.0,0.0,0.0,16.0,99.2,111.1,122.5,0.0,0.0,0.0,21700.0,15900.0,1,8,0,82000.0
6.0,20.0,49.0,700.0,0.0,2.0,18.0,1.0,3.0,200.0,0.0,11.0,200.0,0.0,0.0,1.0,0.0,0.0,0.0,0.0,0.0,0.0,0.0,0.0,0.0,0.0,0.0,1.0,26.1,46.1,68.1,0.0,0.0,0.0,9200.0,9900.0,1,4,0,83000.0
6.0,29.0,400.0,3000.0,0.0,1.0,14.0,1.0,2.0,18.0,0.0,9.0,35.0,0.0,0.0,1.0,0.0,0.0,0.0,0.0,0.0,0.0,0.0,0.0,0.0,0.0,0.0,1.0,689.1,751.9,801.8,0.0,0.0,0.0,146500.0,8800.0,1,4,0,821000.0
6.0,0.0,1.0,200.0,0.0,1.0,4.0,1.0,1.0,8.0,0.0,0.0,8.0,0.0,0.0,1.0,0.0,0.0,0.0,0.0,0.0,0.0,0.0,0.0,0.0,0.0,0.0,0.0,0.0,0.0,5.8,0.0,0.0,0.0,61.1,364.4,1,8,0,81000.0
8.0,3000.0,17000.0,20000.0,1.0,1.0,2.0,1.0,2.0,3.0,31.0,200.0,200.0,0.0,0.0,0.0,0.0,0.0,0.0,0.0,0.0,0.0,0.0,0.0,0.0,0.0,0.0,0.0,0.0,0.0,0.0,0.0,0.0,0.0,164300.0,17500.0,1,8,0,822000.0
8.0,3000.0,10000.0,13000.0,1.0,2.0,2.0,1.0,2.0,2.0,56.0,100.0,200.0,0.0,0.0,0.0,0.0,0.0,0.0,0.0,0.0,0.0,0.0,0.0,0.0,0.0,0.0,0.0,0.0,0.0,0.0,0.0,0.0,0.0,113700.0,11800.0,1,4,0,816000.0
8.0,600.0,900.0,900.0,1.0,1.0,1.0,2.0,3.0,3.0,6.0,200.0,200.0,0.0,0.0,0.0,0.0,0.0,0.0,0.0,0.0,0.0,0.0,0.0,0.0,0.0,0.0,0.0,0.0,0.0,0.0,0.0,0.0,0.0,1456.1,59.4,1,8,0,82000.0
8.0,10.0,100.0,100.0,1.0,2.0,2.0,1.0,3.0,3.0,0.0,0.0,0.0,0.0,0.0,0.0,0.0,0.0,0.0,0.0,0.0,0.0,0.0,0.0,0.0,0.0,0.0,0.0,0.0,0.0,0.0,0.0,0.0,0.0,3.3,1.826,1,8,0,8200.0
8.0,10000.0,14000.0,19000.0,0.0,1.0,2.0,1.0,2.0,7.0,200.0,400.0,500.0,0.0,0.0,1.0,0.0,0.0,0.0,0.0,0.0,0.0,0.0,0.0,0.0,0.0,0.0,0.0,0.0,0.0,0.0,0.0,0.0,0.0,726000.0,146400.0,1,8,0,846000.0
8.0,900.0,900.0,900.0,0.0,0.0,0.0,2.0,3.0,3.0,59.0,59.0,59.0,0.0,0.0,0.0,0.0,0.0,0.0,0.0,0.0,0.0,0.0,0.0,0.0,0.0,0.0,0.0,0.0,0.0,0.0,0.0,0.0,0.0,23100.0,94.3,1,4,0,8900.0
2.0,6.0,9.0,10.0,1.0,1.0,1.0,7.0,10.0,11.0,0.0,0.0,0.0,0.0,0.0,0.0,0.0,0.0,0.0,0.0,0.0,0.0,0.0,0.0,0.0,0.0,0.0,0.0,0.0,0.076,0.076,0.0,0.0,0.0,0.152,0.0,1,4,0,822.0
3.0,0.0,1.0,14.0,0.0,3.0,17.0,3.0,5.0,19.0,0.0,0.0,6.0,0.0,0.0,1.0,0.0,0.0,0.0,0.0,0.0,0.0,0.0,0.0,0.0,0.0,0.0,1.0,0.0,0.0,15.6,0.0,0.0,0.0,31.1,0.152,1,4,0,8300.0
5.0,0.0,1.0,13.0,1.0,4.0,34.0,3.0,5.0,22.0,0.0,0.0,4.0,0.0,0.0,1.0,0.0,0.0,0.0,0.0,0.0,0.0,0.0,0.0,0.0,0.0,0.0,1.0,0.0,0.0,15.6,0.0,0.0,0.0,31.1,0.0,1,4,0,8300.0
6.0,18.0,36.0,1000.0,0.0,2.0,33.0,3.0,5.0,36.0,0.0,0.0,17.0,0.0,0.0,1.0,0.0,0.0,0.0,0.0,0.0,0.0,0.0,0.0,0.0,0.0,0.0,6.0,31.5,33.8,36.8,0.0,0.0,0.0,6600.0,31.1,1,8,0,83000.0
6.0,13.0,39.0,85.0,0.0,2.0,22.0,1.0,4.0,18.0,0.0,8.0,14.0,0.0,0.0,1.0,0.0,0.0,0.0,0.0,0.0,0.0,0.0,0.0,0.0,0.0,0.0,1.0,3.4,6.9,11.0,0.0,0.0,0.0,1364.4,2600.0,1,8,0,81000.0
6.0,19.0,200.0,2000.0,0.0,1.0,13.0,1.0,2.0,5.0,0.0,0.0,100.0,0.0,0.0,1.0,0.0,0.0,0.0,0.0,0.0,0.0,0.0,0.0,0.0,0.0,0.0,1.0,589.2,642.2,684.6,0.0,0.0,0.0,125100.0,1000.1,1,8,0,87000.0
6.0,0.0,1.0,26.0,0.0,1.0,200.0,1.0,2.0,4.0,0.0,0.0,9.0,0.0,0.0,1.0,0.0,0.0,0.0,0.0,0.0,0.0,0.0,0.0,0.0,0.0,0.0,0.0,0.0,0.0,5.8,0.0,0.0,0.0,61.1,364.4,1,8,0,81000.0
6.0,16.0,21.0,300.0,0.0,1.0,3.0,1.0,2.0,13.0,0.0,0.0,24.0,0.0,0.0,1.0,0.0,0.0,0.0,0.0,0.0,0.0,0.0,0.0,0.0,0.0,0.0,0.0,33.0,39.1,43.2,0.0,0.0,0.0,7600.0,4000.0,1,8,0,83000.0
6.0,0.0,1.0,36.0,0.0,1.0,6.0,1.0,2.0,6.0,0.0,0.0,16.0,0.0,0.0,0.0,0.0,0.0,0.0,0.0,0.0,0.0,0.0,0.0,0.0,0.0,0.0,0.0,0.0,0.0,78.5,0.0,0.0,0.0,809.0,280.3,1,4,0,8500.0
6.0,1.0,2.0,8.0,0.0,1.0,9.0,2.0,3.0,11.0,0.0,0.0,5.0,0.0,0.0,1.0,0.0,0.0,0.0,0.0,0.0,0.0,0.0,0.0,0.0,0.0,0.0,0.0,0.0,0.0,0.214,0.0,0.0,0.0,0.837,0.295,1,4,0,81000.0
8.0,500.0,900.0,900.0,2.0,2.0,2.0,2.0,2.0,2.0,8.0,13.0,13.0,0.0,0.0,0.0,0.0,0.0,0.0,0.0,0.0,0.0,0.0,0.0,0.0,0.0,0.0,0.0,0.0,0.0,0.0,0.0,0.0,0.0,1456.1,59.4,1,8,0,81000.0
8.0,10.0,100.0,100.0,1.0,2.0,2.0,2.0,2.0,2.0,0.0,0.0,0.0,0.0,0.0,0.0,0.0,0.0,0.0,0.0,0.0,0.0,0.0,0.0,0.0,0.0,0.0,0.0,0.0,0.0,0.0,0.0,0.0,0.0,3.3,1.826,1,8,0,8100.0
8.0,4000.0,5000.0,5000.0,1.0,2.0,2.0,1.0,1.0,1.0,67.0,81.0,81.0,0.0,0.0,0.0,0.0,0.0,0.0,0.0,0.0,0.0,0.0,0.0,0.0,0.0,0.0,0.0,0.0,0.0,0.0,0.0,0.0,0.0,23100.0,30.5,1,4,0,85000.0
8.0,7000.0,11000.0,16000.0,0.0,1.0,2.0,1.0,2.0,4.0,100.0,400.0,900.0,0.0,0.0,0.0,0.0,0.0,0.0,0.0,0.0,0.0,0.0,0.0,0.0,0.0,0.0,0.0,0.0,0.0,0.0,0.0,0.0,0.0,726000.0,125100.0,1,4,0,843000.0
8.0,1000.0,12000.0,14000.0,1.0,2.0,2.0,3.0,4.0,24.0,76.0,400.0,400.0,0.0,0.0,0.0,0.0,0.0,0.0,0.0,0.0,0.0,0.0,0.0,0.0,0.0,0.0,0.0,0.0,0.0,0.0,0.0,0.0,0.0,164300.0,7400.0,1,8,0,814000.0
8.0,6000.0,6000.0,6000.0,1.0,2.0,2.0,6.0,7.0,7.0,100.0,100.0,100.0,0.0,0.0,0.0,0.0,0.0,0.0,0.0,0.0,0.0,0.0,0.0,0.0,0.0,0.0,0.0,0.0,0.0,0.0,0.0,0.0,0.0,23300.0,808.7,1,4,0,86000.0
8.0,27.0,59.0,59.0,2.0,5.0,5.0,3.0,8.0,8.0,0.0,0.0,0.0,0.0,0.0,0.0,0.0,0.0,0.0,0.0,0.0,0.0,0.0,0.0,0.0,0.0,0.0,0.0,0.0,0.0,0.0,0.0,0.0,0.0,0.584,0.059,1,4,0,8200.0
8.0,26.0,100.0,100.0,2.0,26.0,26.0,4.0,4.0,4.0,0.0,17.0,17.0,0.0,0.0,0.0,0.0,0.0,0.0,0.0,0.0,0.0,0.0,0.0,0.0,0.0,0.0,0.0,0.0,0.0,0.0,0.0,0.0,0.0,3.3,0.778,1,8,0,8200.0
2.0,43.0,43.0,45.0,1.0,1.0,1.0,8.0,10.0,11.0,0.0,0.0,0.0,0.0,0.0,0.0,0.0,0.0,0.0,0.0,0.0,0.0,0.0,0.0,0.0,0.0,0.0,0.0,0.0,0.108,0.108,0.0,0.0,0.0,0.432,0.0,1,4,0,856.0
3.0,0.0,1.0,12.0,0.0,2.0,13.0,2.0,4.0,18.0,0.0,0.0,6.0,0.0,0.0,1.0,0.0,0.0,0.0,0.0,0.0,0.0,0.0,0.0,0.0,0.0,0.0,1.0,0.0,0.0,21.1,0.0,0.0,0.0,84.4,0.432,1,8,0,8200.0
5.0,0.0,1.0,18.0,0.0,3.0,20.0,2.0,4.0,17.0,0.0,0.0,7.0,0.0,0.0,1.0,0.0,0.0,0.0,0.0,0.0,0.0,0.0,0.0,0.0,0.0,0.0,2.0,0.0,0.0,21.1,0.0,0.0,0.0,84.4,0.0,1,4,0,8200.0
6.0,17.0,38.0,100.0,0.0,2.0,37.0,3.0,5.0,34.0,0.0,0.0,19.0,0.0,0.0,1.0,0.0,0.0,0.0,0.0,0.0,0.0,0.0,0.0,0.0,0.0,0.0,1.0,57.5,60.3,63.7,0.0,0.0,0.0,11800.0,84.4,1,4,0,81000.0
6.0,1.0,67.0,500.0,0.0,2.0,24.0,2.0,4.0,200.0,0.0,14.0,100.0,0.0,0.0,1.0,0.0,0.0,0.0,0.0,0.0,0.0,0.0,0.0,0.0,0.0,0.0,0.0,135.2,225.1,325.1,0.0,0.0,0.0,44100.0,7900.0,1,4,0,82000.0
6.0,17.0,22.0,47.0,0.0,1.0,4.0,1.0,2.0,11.0,0.0,0.0,24.0,0.0,0.0,1.0,0.0,0.0,0.0,0.0,0.0,0.0,0.0,0.0,0.0,0.0,0.0,0.0,63.6,76.4,86.2,0.0,0.0,0.0,14900.0,3900.0,1,4,0,84000.0
6.0,0.0,1.0,34.0,0.0,1.0,4.0,1.0,2.0,9.0,0.0,0.0,7.0,0.0,0.0,0.0,0.0,0.0,0.0,0.0,0.0,0.0,0.0,0.0,0.0,0.0,0.0,0.0,0.0,0.0,78.5,0.0,0.0,0.0,808.8,108.3,1,4,0,8700.0
6.0,0.0,1.0,22.0,0.0,1.0,10.0,1.0,2.0,12.0,0.0,0.0,9.0,0.0,0.0,1.0,0.0,0.0,0.0,0.0,0.0,0.0,0.0,0.0,0.0,0.0,0.0,0.0,0.0,0.0,5.6,0.0,0.0,0.0,59.5,30.0,1,4,0,81000.0
8.0,5000.0,9000.0,16000.0,0.0,1.0,2.0,1.0,2.0,3.0,91.0,400.0,600.0,0.0,0.0,1.0,0.0,0.0,0.0,0.0,0.0,0.0,0.0,0.0,0.0,0.0,0.0,0.0,0.0,0.0,0.0,0.0,0.0,0.0,726000.0,44100.0,1,4,0,837000.0
8.0,300.0,900.0,900.0,1.0,2.0,2.0,2.0,3.0,3.0,0.0,200.0,200.0,0.0,0.0,0.0,0.0,0.0,0.0,0.0,0.0,0.0,0.0,0.0,0.0,0.0,0.0,0.0,0.0,0.0,0.0,0.0,0.0,0.0,1456.1,59.4,1,4,0,81000.0
8.0,2000.0,12000.0,15000.0,1.0,1.0,2.0,2.0,3.0,3.0,300.0,500.0,500.0,0.0,0.0,0.0,0.0,0.0,0.0,0.0,0.0,0.0,0.0,0.0,0.0,0.0,0.0,0.0,0.0,0.0,0.0,0.0,0.0,0.0,164300.0,14800.0,1,4,0,815000.0
8.0,800.0,800.0,800.0,0.0,1.0,1.0,2.0,2.0,2.0,26.0,26.0,26.0,0.0,0.0,0.0,0.0,0.0,0.0,0.0,0.0,0.0,0.0,0.0,0.0,0.0,0.0,0.0,0.0,0.0,0.0,0.0,0.0,0.0,3.3,0.134,1,8,0,8800.0
8.0,800.0,2000.0,2000.0,1.0,3.0,3.0,2.0,2.0,2.0,26.0,300.0,300.0,0.0,0.0,0.0,0.0,0.0,0.0,0.0,0.0,0.0,0.0,0.0,0.0,0.0,0.0,0.0,0.0,0.0,0.0,0.0,0.0,0.0,23300.0,808.7,1,4,0,82000.0
2.0,69.0,69.0,69.0,1.0,1.0,1.0,8.0,8.0,8.0,0.0,0.0,0.0,0.0,0.0,0.0,0.0,0.0,0.0,0.0,0.0,0.0,0.0,0.0,0.0,0.0,0.0,0.0,1.357,1.357,1.357,0.0,0.0,0.0,1.357,0.0,1,4,0,879.0
8.0,8000.0,12000.0,19000.0,0.0,2.0,3.0,1.0,3.0,14.0,89.0,200.0,200.0,0.0,0.0,1.0,0.0,0.0,0.0,0.0,0.0,0.0,0.0,0.0,0.0,0.0,0.0,0.0,0.0,0.0,0.0,0.0,0.0,0.0,726000.0,1.357,1,4,0,837000.0
2.0,63.0,73.0,74.0,2.0,3.0,4.0,13.0,15.0,22.0,0.0,0.0,0.0,0.0,0.0,0.0,0.0,0.0,0.0,0.0,0.0,0.0,0.0,0.0,0.0,0.0,0.0,0.0,0.0,0.076,0.084,0.0,0.0,0.0,0.388,0.0,1,4,0,890.0
3.0,0.0,1.0,69.0,0.0,3.0,70.0,2.0,5.0,34.0,0.0,0.0,15.0,0.0,0.0,1.0,0.0,0.0,0.0,0.0,0.0,0.0,0.0,0.0,0.0,0.0,0.0,1.0,0.0,0.0,16.4,0.0,0.0,0.0,75.8,0.388,1,8,0,8400.0
5.0,0.0,1.0,13.0,1.0,3.0,19.0,2.0,4.0,16.0,0.0,0.0,9.0,0.0,0.0,10.0,0.0,0.0,0.0,0.0,0.0,0.0,0.0,0.0,0.0,0.0,0.0,0.0,0.0,0.0,16.4,0.0,0.0,0.0,75.8,0.0,1,4,0,8300.0
6.0,17.0,36.0,100.0,0.0,3.0,41.0,3.0,6.0,30.0,0.0,0.0,17.0,0.0,0.0,1.0,0.0,0.0,0.0,0.0,0.0,0.0,0.0,0.0,0.0,0.0,0.0,11.0,45.2,48.1,51.5,0.0,0.0,0.0,9400.0,75.8,1,8,0,81000.0
6.0,41.0,79.0,200.0,0.0,2.0,16.0,2.0,4.0,24.0,0.0,14.0,31.0,0.0,0.0,5.0,0.0,0.0,0.0,0.0,0.0,0.0,0.0,0.0,0.0,0.0,0.0,1.0,153.5,159.9,164.4,0.0,0.0,0.0,31200.0,8100.0,1,4,0,82000.0
6.0,30.0,200.0,2000.0,0.0,1.0,14.0,1.0,3.0,25.0,0.0,9.0,200.0,0.0,0.0,1.0,0.0,0.0,0.0,0.0,0.0,0.0,0.0,0.0,0.0,0.0,0.0,1.0,320.4,527.1,757.9,0.0,0.0,0.0,103300.0,28500.0,1,8,0,813000.0
6.0,0.0,1.0,99.0,0.0,1.0,10.0,1.0,2.0,9.0,0.0,0.0,5.0,0.0,0.0,1.0,0.0,0.0,0.0,0.0,0.0,0.0,0.0,0.0,0.0,0.0,0.0,0.0,0.0,0.0,5.7,0.0,0.0,0.0,59.7,79.4,1,4,0,8900.0
6.0,1.0,1.0,100.0,0.0,1.0,54.0,1.0,2.0,9.0,0.0,0.0,7.0,0.0,0.0,1.0,0.0,0.0,0.0,0.0,0.0,0.0,0.0,0.0,0.0,0.0,0.0,0.0,0.0,0.0,0.274,0.0,0.0,0.0,1.155,0.364,1,4,0,8600.0
8.0,2000.0,2000.0,2000.0,1.0,1.0,1.0,2.0,2.0,2.0,200.0,200.0,200.0,0.0,0.0,0.0,0.0,0.0,0.0,0.0,0.0,0.0,0.0,0.0,0.0,0.0,0.0,0.0,0.0,0.0,0.0,0.0,0.0,0.0,23300.0,1355.7,1,8,0,82000.0
8.0,2000.0,15000.0,17000.0,0.0,1.0,7.0,1.0,2.0,2.0,200.0,500.0,700.0,0.0,0.0,0.0,0.0,0.0,0.0,0.0,0.0,0.0,0.0,0.0,0.0,0.0,0.0,0.0,0.0,0.0,0.0,0.0,0.0,0.0,164300.0,2700.0,1,8,0,817000.0
8.0,3000.0,7000.0,12000.0,0.0,1.0,4.0,0.0,2.0,3.0,200.0,400.0,1000.0,0.0,0.0,1.0,0.0,0.0,0.0,0.0,0.0,0.0,0.0,0.0,0.0,0.0,0.0,0.0,0.0,0.0,0.0,0.0,0.0,0.0,726000.0,103200.0,1,8,0,823000.0
8.0,700.0,700.0,700.0,1.0,1.0,1.0,2.0,2.0,2.0,200.0,200.0,200.0,0.0,0.0,0.0,0.0,0.0,0.0,0.0,0.0,0.0,0.0,0.0,0.0,0.0,0.0,0.0,0.0,0.0,0.0,0.0,0.0,0.0,1456.1,59.4,1,8,0,8700.0
8.0,24.0,24.0,24.0,2.0,3.0,3.0,1.0,2.0,2.0,0.0,0.0,0.0,0.0,0.0,0.0,0.0,0.0,0.0,0.0,0.0,0.0,0.0,0.0,0.0,0.0,0.0,0.0,0.0,0.0,0.0,0.0,0.0,0.0,3.3,1.096,1,8,0,828.0
8.0,3.0,9.0,9.0,1.0,1.0,1.0,2.0,3.0,3.0,0.0,0.0,0.0,0.0,0.0,0.0,0.0,0.0,0.0,0.0,0.0,0.0,0.0,0.0,0.0,0.0,0.0,0.0,0.0,0.0,0.0,0.0,0.0,0.0,0.584,0.059,1,4,0,823.0
2.0,16.0,23.0,25.0,1.0,3.0,5.0,14.0,15.0,22.0,0.0,0.0,0.0,0.0,0.0,0.0,0.0,0.0,0.0,0.0,0.0,0.0,0.0,0.0,0.0,0.0,0.0,0.0,0.0,0.072,0.081,0.0,0.0,0.0,0.369,0.0,1,8,0,844.0
3.0,0.0,1.0,13.0,0.0,3.0,11.0,2.0,3.0,15.0,0.0,0.0,5.0,0.0,0.0,1.0,0.0,0.0,0.0,0.0,0.0,0.0,0.0,0.0,0.0,0.0,0.0,0.0,0.0,0.0,15.6,0.0,0.0,0.0,71.1,0.369,1,8,0,8200.0
5.0,0.0,1.0,23.0,0.0,4.0,29.0,1.0,3.0,19.0,0.0,0.0,4.0,0.0,0.0,16.0,0.0,0.0,0.0,0.0,0.0,0.0,0.0,0.0,0.0,0.0,0.0,0.0,0.0,0.0,15.6,0.0,0.0,0.0,71.1,0.0,1,4,0,8300.0
6.0,10.0,25.0,100.0,0.0,3.0,54.0,2.0,4.0,33.0,0.0,0.0,29.0,0.0,0.0,1.0,0.0,0.0,0.0,0.0,0.0,0.0,0.0,0.0,0.0,0.0,0.0,1.0,37.4,39.1,40.4,0.0,0.0,0.0,7600.0,71.1,1,8,0,81000.0
8.0,1000.0,8000.0,12000.0,0.0,1.0,2.0,1.0,2.0,2.0,100.0,200.0,400.0,0.0,0.0,1.0,0.0,0.0,0.0,0.0,0.0,0.0,0.0,0.0,0.0,0.0,0.0,0.0,0.0,0.0,0.0,0.0,0.0,0.0,164300.0,704.8,1,4,0,813000.0
8.0,5000.0,9000.0,13000.0,0.0,1.0,2.0,1.0,2.0,9.0,91.0,300.0,400.0,0.0,0.0,0.0,0.0,0.0,0.0,0.0,0.0,0.0,0.0,0.0,0.0,0.0,0.0,0.0,0.0,0.0,0.0,0.0,0.0,0.0,726000.0,6900.0,1,8,0,828000.0
2.0,37.0,37.0,37.0,2.0,2.0,2.0,11.0,11.0,11.0,0.0,0.0,0.0,0.0,0.0,0.0,0.0,0.0,0.0,0.0,0.0,0.0,0.0,0.0,0.0,0.0,0.0,0.0,66.5,66.5,66.5,0.0,0.0,0.0,66.5,0.0,1,8,0,850.0
8.0,14.0,27.0,87.0,1.0,2.0,27.0,2.0,4.0,29.0,0.0,0.0,21.0,0.0,0.0,1.0,0.0,0.0,0.0,0.0,0.0,0.0,0.0,0.0,0.0,0.0,0.0,5.0,235.9,243.4,253.9,0.0,0.0,0.0,47500.0,66.5,1,8,0,81000.0
6.0,16.0,21.0,44.0,0.0,1.0,3.0,1.0,2.0,10.0,0.0,0.0,17.0,0.0,0.0,1.0,0.0,0.0,0.0,0.0,0.0,0.0,0.0,0.0,0.0,0.0,0.0,0.0,54.5,64.0,72.0,0.0,0.0,0.0,12500.0,5400.0,1,4,0,84000.0
8.0,7000.0,11000.0,16000.0,0.0,1.0,2.0,0.0,2.0,3.0,66.0,400.0,700.0,0.0,0.0,0.0,0.0,0.0,0.0,0.0,0.0,0.0,0.0,0.0,0.0,0.0,0.0,0.0,0.0,0.0,0.0,0.0,0.0,0.0,726000.0,42100.0,1,8,0,842000.0
8.0,2000.0,13000.0,14000.0,1.0,2.0,6.0,3.0,5.0,7.0,300.0,500.0,600.0,0.0,0.0,0.0,0.0,0.0,0.0,0.0,0.0,0.0,0.0,0.0,0.0,0.0,0.0,0.0,0.0,0.0,0.0,0.0,0.0,0.0,164300.0,12300.0,1,4,0,814000.0
8.0,3000.0,4000.0,4000.0,2.0,4.0,4.0,2.0,3.0,3.0,300.0,300.0,300.0,0.0,0.0,0.0,0.0,0.0,0.0,0.0,0.0,0.0,0.0,0.0,0.0,0.0,0.0,0.0,0.0,0.0,0.0,0.0,0.0,0.0,23300.0,236.4,1,8,0,84000.0
2.0,29.0,29.0,29.0,2.0,2.0,2.0,18.0,18.0,18.0,0.0,0.0,0.0,0.0,0.0,0.0,0.0,0.0,0.0,0.0,0.0,0.0,0.0,0.0,0.0,0.0,0.0,0.0,90.5,90.5,90.5,0.0,0.0,0.0,90.5,0.0,1,8,0,849.0
8.0,1.0,5.0,100.0,1.0,6.0,22.0,3.0,8.0,30.0,0.0,0.0,16.0,0.0,0.0,1.0,0.0,0.0,0.0,0.0,0.0,0.0,0.0,0.0,0.0,0.0,0.0,0.0,0.0,0.981,2.7,0.0,0.0,0.0,201.5,90.5,1,4,0,8700.0
6.0,11.0,54.0,200.0,2.0,5.0,39.0,4.0,8.0,33.0,0.0,0.0,19.0,0.0,0.0,1.0,0.0,0.0,0.0,0.0,0.0,0.0,0.0,0.0,0.0,0.0,0.0,5.0,19.6,21.3,22.6,0.0,0.0,0.0,4200.0,28.9,1,4,0,82000.0
6.0,37.0,100.0,200.0,0.0,2.0,25.0,2.0,4.0,30.0,0.0,15.0,39.0,0.0,0.0,3.0,0.0,0.0,0.0,0.0,0.0,0.0,0.0,0.0,0.0,0.0,0.0,1.0,34.5,57.2,81.7,0.0,0.0,0.0,11200.0,4100.0,1,8,0,83000.0
6.0,10.0,42.0,200.0,1.0,5.0,52.0,2.0,4.0,43.0,0.0,0.0,28.0,0.0,0.0,1.0,0.0,0.0,0.0,0.0,0.0,0.0,0.0,0.0,0.0,0.0,0.0,10.0,110.2,121.4,130.3,0.0,0.0,0.0,23600.0,172.6,1,8,0,82000.0
6.0,25.0,80.0,300.0,0.0,2.0,27.0,1.0,3.0,35.0,0.0,13.0,100.0,0.0,0.0,14.0,0.0,0.0,0.0,0.0,0.0,0.0,0.0,0.0,0.0,0.0,0.0,1.0,35.3,58.8,84.0,0.0,0.0,0.0,11500.0,23600.0,1,4,0,83000.0
6.0,1.0,3.0,200.0,0.0,3.0,55.0,1.0,3.0,24.0,0.0,0.0,200.0,0.0,0.0,17.0,0.0,0.0,0.0,0.0,0.0,0.0,0.0,0.0,0.0,0.0,0.0,0.0,0.0,0.0,5.6,0.0,0.0,0.0,59.7,60.0,1,4,0,85000.0
6.0,1.0,2.0,19.0,0.0,3.0,19.0,1.0,3.0,12.0,0.0,0.0,5.0,0.0,0.0,1.0,0.0,0.0,0.0,0.0,0.0,0.0,0.0,0.0,0.0,0.0,0.0,0.0,0.0,0.0,0.22,0.0,0.0,0.0,0.837,0.295,1,8,0,8600.0
6.0,1.0,2.0,35.0,0.0,1.0,14.0,1.0,2.0,25.0,0.0,0.0,19.0,0.0,0.0,1.0,0.0,0.0,0.0,0.0,0.0,0.0,0.0,0.0,0.0,0.0,0.0,0.0,0.0,0.0,86.6,0.0,0.0,0.0,1040.8,361.7,1,8,0,81000.0
6.0,1.0,3.0,82.0,0.0,2.0,12.0,1.0,3.0,200.0,0.0,0.0,200.0,0.0,0.0,1.0,0.0,0.0,0.0,0.0,0.0,0.0,0.0,0.0,0.0,0.0,0.0,0.0,0.0,0.0,0.284,0.0,0.0,0.0,1.155,0.358,1,8,0,81000.0
8.0,800.0,1000.0,1000.0,1.0,2.0,16.0,2.0,2.0,2.0,200.0,300.0,300.0,0.0,0.0,0.0,0.0,0.0,0.0,0.0,0.0,0.0,0.0,0.0,0.0,0.0,0.0,0.0,0.0,0.0,0.0,0.0,0.0,0.0,113700.0,11100.0,1,4,0,81000.0
8.0,43.0,58.0,58.0,1.0,2.0,2.0,2.0,2.0,2.0,6.0,6.0,6.0,0.0,1.0,1.0,0.0,0.0,0.0,0.0,0.0,0.0,0.0,0.0,0.0,0.0,0.0,0.0,0.0,0.0,0.0,0.0,0.0,0.0,1456.1,59.4,1,4,0,8700.0
8.0,7.0,8.0,8.0,1.0,1.0,1.0,1.0,2.0,2.0,0.0,0.0,0.0,0.0,0.0,0.0,0.0,0.0,0.0,0.0,0.0,0.0,0.0,0.0,0.0,0.0,0.0,0.0,0.0,0.0,0.0,0.0,0.0,0.0,3.3,0.778,1,8,0,821.0
8.0,3000.0,3000.0,3000.0,2.0,5.0,5.0,2.0,3.0,3.0,100.0,100.0,100.0,0.0,0.0,0.0,0.0,0.0,0.0,0.0,0.0,0.0,0.0,0.0,0.0,0.0,0.0,0.0,0.0,0.0,0.0,0.0,0.0,0.0,23100.0,22.2,1,4,0,83000.0
8.0,3000.0,5000.0,6000.0,2.0,9.0,13.0,3.0,7.0,23.0,200.0,500.0,600.0,0.0,0.0,0.0,0.0,0.0,0.0,0.0,0.0,0.0,0.0,0.0,0.0,0.0,0.0,0.0,0.0,0.0,0.0,0.0,0.0,0.0,113700.0,11100.0,1,4,0,86000.0
7.0,300.0,300.0,300.0,7.0,7.0,7.0,2.0,2.0,2.0,19.0,19.0,19.0,0.0,1.0,1.0,0.0,0.0,0.0,0.0,0.0,0.0,0.0,0.0,0.0,0.0,0.0,0.0,0.0,0.0,0.0,0.0,0.0,0.0,1456.1,1040.5,1,8,0,8300.0
8.0,78.0,88.0,88.0,5.0,17.0,17.0,1.0,8.0,8.0,0.0,0.0,0.0,0.0,0.0,0.0,0.0,0.0,0.0,0.0,0.0,0.0,0.0,0.0,0.0,0.0,0.0,0.0,0.0,0.0,0.0,0.0,0.0,0.0,0.584,0.059,1,8,0,8100.0
8.0,100.0,100.0,100.0,2.0,2.0,2.0,3.0,3.0,3.0,0.0,0.0,0.0,0.0,0.0,0.0,0.0,0.0,0.0,0.0,0.0,0.0,0.0,0.0,0.0,0.0,0.0,0.0,0.0,0.0,0.0,0.0,0.0,0.0,3.3,1.096,1,8,0,8200.0
8.0,5000.0,5000.0,5000.0,0.0,2.0,2.0,3.0,7.0,7.0,300.0,300.0,300.0,0.0,0.0,0.0,0.0,0.0,0.0,0.0,0.0,0.0,0.0,0.0,0.0,0.0,0.0,0.0,0.0,0.0,0.0,0.0,0.0,0.0,23100.0,32.2,1,8,0,85000.0
2.0,200.0,300.0,300.0,1.0,3.0,5.0,54.0,65.0,67.0,14.0,14.0,14.0,1.0,1.0,1.0,0.0,0.0,0.0,0.0,0.0,0.0,0.0,0.0,0.0,0.0,0.0,0.0,0.0,0.137,0.137,0.0,0.0,0.0,0.545,0.0,1,4,0,8300.0
3.0,1.0,4.0,38.0,1.0,7.0,30.0,3.0,8.0,38.0,0.0,0.0,5.0,0.0,0.0,2.0,0.0,0.0,0.0,0.0,0.0,0.0,0.0,0.0,0.0,0.0,0.0,0.0,0.0,0.0,3.2,0.0,0.0,0.0,12.6,0.545,1,8,0,8600.0
5.0,1.0,4.0,59.0,1.0,10.0,30.0,2.0,5.0,23.0,0.0,0.0,3.0,0.0,0.0,2.0,0.0,0.0,0.0,0.0,0.0,0.0,0.0,0.0,0.0,0.0,0.0,0.0,0.0,0.0,3.2,0.0,0.0,0.0,12.6,0.0,1,4,0,8600.0
8.0,7000.0,12000.0,17000.0,2.0,7.0,66.0,4.0,19.0,300.0,62.0,100.0,300.0,0.0,0.0,2.0,0.0,0.0,0.0,0.0,0.0,0.0,0.0,0.0,0.0,0.0,0.0,0.0,0.0,0.0,0.0,0.0,0.0,0.0,726000.0,12.6,1,4,0,840000.0
2.0,100.0,100.0,100.0,1.0,2.0,8.0,18.0,20.0,33.0,0.0,0.0,0.0,0.0,0.0,0.0,0.0,0.0,0.0,0.0,0.0,0.0,0.0,0.0,0.0,0.0,0.0,0.0,0.0,0.081,0.081,0.0,0.0,0.0,0.567,0.0,1,4,0,8200.0
3.0,0.0,2.0,33.0,1.0,4.0,22.0,4.0,7.0,27.0,0.0,0.0,12.0,0.0,0.0,1.0,0.0,0.0,0.0,0.0,0.0,0.0,0.0,0.0,0.0,0.0,0.0,1.0,0.0,0.0,15.6,0.0,0.0,0.0,107.8,0.567,1,4,0,8400.0
5.0,0.0,1.0,26.0,1.0,5.0,22.0,4.0,7.0,27.0,0.0,0.0,10.0,0.0,0.0,1.0,0.0,0.0,0.0,0.0,0.0,0.0,0.0,0.0,0.0,0.0,0.0,1.0,0.0,0.0,15.6,0.0,0.0,0.0,107.8,0.0,1,8,0,8400.0
10.0,12.0,31.0,600.0,0.0,4.0,21.0,3.0,7.0,26.0,0.0,0.0,17.0,0.0,0.0,1.0,0.0,0.0,0.0,0.0,0.0,0.0,0.0,0.0,0.0,0.0,0.0,1.0,14.0,17.4,20.8,0.0,0.0,0.0,3400.0,107.8,1,4,0,82000.0
8.0,1000.0,1000.0,1000.0,1.0,2.0,2.0,1.0,2.0,2.0,85.0,85.0,85.0,0.0,0.0,0.0,0.0,0.0,0.0,0.0,0.0,0.0,0.0,0.0,0.0,0.0,0.0,0.0,0.0,0.0,0.0,0.0,0.0,0.0,23300.0,685.5,1,8,0,81000.0
8.0,300.0,2000.0,2000.0,0.0,1.0,1.0,2.0,3.0,6.0,47.0,100.0,100.0,0.0,0.0,0.0,0.0,0.0,0.0,0.0,0.0,0.0,0.0,0.0,0.0,0.0,0.0,0.0,0.0,0.0,0.0,0.0,0.0,0.0,164300.0,2800.0,1,4,0,82000.0
3.0,2.0,2.0,2.0,0.0,0.0,0.0,1.0,1.0,1.0,0.0,0.0,0.0,0.0,0.0,0.0,0.0,0.0,0.0,0.0,0.0,0.0,0.0,0.0,0.0,0.0,0.0,0.0,0.136,0.136,0.136,0.0,0.0,0.0,0.136,0.0,1,8,0,83.0
8.0,1000.0,1000.0,1000.0,0.0,1.0,1.0,3.0,3.0,3.0,9.0,9.0,9.0,0.0,0.0,0.0,0.0,0.0,0.0,0.0,0.0,0.0,0.0,0.0,0.0,0.0,0.0,0.0,0.0,0.0,0.0,0.0,0.0,0.0,23300.0,0.136,1,4,0,81000.0
2.0,600.0,600.0,600.0,1.0,1.0,1.0,13.0,13.0,13.0,0.0,0.0,0.0,0.0,0.0,0.0,0.0,0.0,0.0,0.0,0.0,0.0,0.0,0.0,0.0,0.0,0.0,0.0,19.0,19.0,19.0,0.0,0.0,0.0,19.0,0.0,1,4,0,8600.0
5.0,1.0,5.0,31.0,1.0,4.0,35.0,5.0,8.0,38.0,0.0,0.0,22.0,0.0,0.0,1.0,0.0,0.0,0.0,0.0,0.0,0.0,0.0,0.0,0.0,0.0,0.0,1.0,0.0,1.548,5.9,0.0,0.0,0.0,325.5,19.0,1,4,0,8500.0
6.0,25.0,63.0,100.0,1.0,3.0,44.0,3.0,7.0,46.0,0.0,14.0,28.0,0.0,0.0,1.0,0.0,0.0,0.0,0.0,0.0,0.0,0.0,0.0,0.0,0.0,0.0,2.0,53.6,57.6,59.8,0.0,0.0,0.0,11200.0,325.5,1,8,0,82000.0
3.0,45.0,88.0,200.0,0.0,2.0,23.0,1.0,3.0,30.0,0.0,18.0,39.0,0.0,0.0,1.0,0.0,0.0,0.0,0.0,0.0,0.0,0.0,0.0,0.0,0.0,0.0,1.0,231.8,239.3,247.5,0.0,0.0,0.0,46700.0,7300.0,1,4,0,82000.0
3.0,51.0,200.0,400.0,0.0,3.0,40.0,2.0,5.0,38.0,0.0,38.0,300.0,0.0,0.0,1.0,0.0,0.0,0.0,0.0,0.0,0.0,0.0,0.0,0.0,0.0,0.0,1.0,268.2,272.7,276.5,0.0,0.0,0.0,53300.0,46700.0,1,4,0,85000.0
9.0,41.0,95.0,600.0,1.0,2.0,47.0,2.0,5.0,37.0,0.0,13.0,400.0,0.0,0.0,1.0,0.0,0.0,0.0,0.0,0.0,0.0,0.0,0.0,0.0,0.0,0.0,4.0,73.8,77.5,80.0,0.0,0.0,0.0,15100.0,3900.0,1,8,0,83000.0
3.0,25.0,37.0,300.0,0.0,2.0,11.0,1.0,3.0,26.0,0.0,0.0,20.0,0.0,0.0,0.0,0.0,0.0,0.0,0.0,0.0,0.0,0.0,0.0,0.0,0.0,0.0,1.0,199.5,207.1,214.8,0.0,0.0,0.0,40400.0,6700.0,1,4,0,83000.0
3.0,43.0,100.0,800.0,0.0,2.0,30.0,1.0,3.0,21.0,0.0,13.0,800.0,0.0,0.0,1.0,0.0,0.0,0.0,0.0,0.0,0.0,0.0,0.0,0.0,0.0,0.0,1.0,294.9,298.6,302.3,0.0,0.0,0.0,58300.0,40400.0,1,4,0,86000.0
6.0,1.0,29.0,59.0,0.0,1.0,9.0,1.0,2.0,13.0,0.0,0.0,16.0,0.0,0.0,1.0,0.0,0.0,0.0,0.0,0.0,0.0,0.0,0.0,0.0,0.0,0.0,0.0,93.4,152.4,221.8,0.0,0.0,0.0,29800.0,4800.0,1,4,0,83000.0
6.0,1.0,2.0,81.0,0.0,5.0,22.0,3.0,5.0,21.0,0.0,0.0,15.0,0.0,0.0,1.0,0.0,0.0,0.0,0.0,0.0,0.0,0.0,0.0,0.0,0.0,0.0,0.0,0.0,0.0,9.4,0.0,0.0,0.0,107.3,18.9,1,8,0,8500.0
8.0,1000.0,2000.0,4000.0,0.0,2.0,11.0,1.0,3.0,13.0,47.0,200.0,600.0,0.0,0.0,0.0,0.0,0.0,0.0,0.0,0.0,0.0,0.0,0.0,0.0,0.0,0.0,0.0,0.0,0.0,0.0,0.0,0.0,0.0,726000.0,53300.0,1,8,0,820000.0
8.0,1000.0,2000.0,3000.0,0.0,1.0,3.0,1.0,3.0,4.0,84.0,100.0,600.0,0.0,0.0,1.0,0.0,0.0,0.0,0.0,0.0,0.0,0.0,0.0,0.0,0.0,0.0,0.0,0.0,0.0,0.0,0.0,0.0,0.0,726000.0,58300.0,1,4,0,818000.0
8.0,4000.0,26000.0,28000.0,1.0,3.0,45.0,4.0,4.0,5.0,300.0,3000.0,3000.0,0.0,0.0,0.0,0.0,0.0,0.0,0.0,0.0,0.0,0.0,0.0,0.0,0.0,0.0,0.0,0.0,0.0,0.0,0.0,0.0,0.0,164300.0,3600.0,1,8,0,830000.0
8.0,3000.0,4000.0,6000.0,1.0,4.0,32.0,1.0,4.0,10.0,300.0,600.0,2000.0,0.0,0.0,1.0,0.0,0.0,0.0,0.0,0.0,0.0,0.0,0.0,0.0,0.0,0.0,0.0,0.0,0.0,0.0,0.0,0.0,0.0,726000.0,29800.0,1,4,0,815000.0
8.0,89.0,90.0,90.0,1.0,1.0,1.0,2.0,3.0,3.0,0.0,0.0,0.0,0.0,0.0,0.0,0.0,0.0,0.0,0.0,0.0,0.0,0.0,0.0,0.0,0.0,0.0,0.0,0.0,0.0,0.0,0.0,0.0,0.0,1456.1,107.2,1,4,0,897.0
8.0,4.0,10.0,10.0,2.0,2.0,2.0,1.0,1.0,1.0,0.0,0.0,0.0,0.0,0.0,0.0,0.0,0.0,0.0,0.0,0.0,0.0,0.0,0.0,0.0,0.0,0.0,0.0,0.0,0.0,0.0,0.0,0.0,0.0,3.3,0.059,1,8,0,841.0
2.0,5.0,12.0,100.0,0.0,3.0,32.0,8.0,12.0,42.0,0.0,0.0,26.0,0.0,0.0,0.0,0.0,0.0,0.0,0.0,0.0,0.0,0.0,0.0,0.0,0.0,0.0,0.0,0.0,0.121,0.131,0.0,0.0,0.0,21.3,0.0,1,8,0,8800.0
6.0,2.0,9.0,38.0,0.0,3.0,23.0,3.0,6.0,21.0,0.0,0.0,12.0,0.0,0.0,1.0,0.0,0.0,0.0,0.0,0.0,0.0,0.0,0.0,0.0,0.0,0.0,1.0,0.944,1.787,2.8,0.0,0.0,0.0,350.6,21.3,1,4,0,8500.0
8.0,1.0,4.0,93.0,1.0,3.0,27.0,3.0,5.0,26.0,0.0,0.0,14.0,0.0,0.0,1.0,0.0,0.0,0.0,0.0,0.0,0.0,0.0,0.0,0.0,0.0,0.0,8.0,0.944,1.787,2.8,0.0,0.0,0.0,350.6,0.0,1,4,0,8400.0
6.0,23.0,42.0,94.0,0.0,2.0,24.0,3.0,5.0,38.0,0.0,0.0,18.0,0.0,0.0,1.0,0.0,0.0,0.0,0.0,0.0,0.0,0.0,0.0,0.0,0.0,0.0,4.0,55.0,57.7,59.6,0.0,0.0,0.0,11300.0,316.7,1,4,0,81000.0
3.0,29.0,85.0,2000.0,0.0,2.0,2000.0,1.0,3.0,200.0,0.0,18.0,200.0,0.0,0.0,1.0,0.0,0.0,0.0,0.0,0.0,0.0,0.0,0.0,0.0,0.0,0.0,1.0,55.6,58.8,61.8,0.0,0.0,0.0,11500.0,10700.0,1,8,0,86000.0
6.0,7.0,35.0,2000.0,0.0,3.0,2000.0,1.0,5.0,29.0,0.0,0.0,17.0,0.0,0.0,1.0,0.0,0.0,0.0,0.0,0.0,0.0,0.0,0.0,0.0,0.0,0.0,1.0,47.3,51.7,55.1,0.0,0.0,0.0,10100.0,537.8,1,8,0,83000.0
6.0,1.0,2.0,39.0,0.0,2.0,16.0,2.0,4.0,22.0,0.0,0.0,16.0,0.0,0.0,1.0,0.0,0.0,0.0,0.0,0.0,0.0,0.0,0.0,0.0,0.0,0.0,0.0,0.0,0.0,38.2,0.0,0.0,0.0,456.4,33.9,1,8,0,8800.0
8.0,1000.0,2000.0,3000.0,0.0,2.0,9.0,2.0,3.0,5.0,70.0,97.0,300.0,0.0,0.0,1.0,0.0,0.0,0.0,0.0,0.0,0.0,0.0,0.0,0.0,0.0,0.0,0.0,0.0,0.0,0.0,0.0,0.0,0.0,726000.0,11500.0,1,8,0,89000.0
8.0,4000.0,7000.0,9000.0,1.0,3.0,3.0,2.0,4.0,5.0,200.0,600.0,700.0,0.0,0.0,0.0,0.0,0.0,0.0,0.0,0.0,0.0,0.0,0.0,0.0,0.0,0.0,0.0,0.0,0.0,0.0,0.0,0.0,0.0,113700.0,10100.0,1,4,0,89000.0
8.0,800.0,800.0,800.0,2.0,2.0,2.0,4.0,5.0,5.0,47.0,47.0,47.0,0.0,0.0,0.0,0.0,0.0,0.0,0.0,0.0,0.0,0.0,0.0,0.0,0.0,0.0,0.0,0.0,0.0,0.0,0.0,0.0,0.0,23100.0,36.1,1,4,0,8800.0
8.0,600.0,600.0,600.0,2.0,2.0,2.0,2.0,3.0,3.0,22.0,22.0,22.0,0.0,0.0,0.0,0.0,0.0,0.0,0.0,0.0,0.0,0.0,0.0,0.0,0.0,0.0,0.0,0.0,0.0,0.0,0.0,0.0,0.0,3.3,0.059,1,8,0,8600.0
8.0,600.0,600.0,600.0,1.0,4.0,4.0,3.0,3.0,3.0,22.0,22.0,22.0,0.0,0.0,0.0,0.0,0.0,0.0,0.0,0.0,0.0,0.0,0.0,0.0,0.0,0.0,0.0,0.0,0.0,0.0,0.0,0.0,0.0,1456.1,456.4,1,8,0,8600.0
2.0,16.0,16.0,16.0,0.0,0.0,0.0,6.0,6.0,6.0,0.0,0.0,0.0,0.0,0.0,0.0,0.0,0.0,0.0,0.0,0.0,0.0,0.0,0.0,0.0,1.0,1.0,1.0,11.3,11.3,11.3,0.0,0.0,0.0,11.3,0.0,1,4,0,823.0
6.0,4.0,8.0,700.0,0.0,3.0,700.0,2.0,4.0,700.0,0.0,0.0,18.0,0.0,0.0,1.0,0.0,0.0,0.0,0.0,0.0,0.0,0.0,0.0,0.0,0.0,0.0,1.0,38.8,42.6,45.7,0.0,0.0,0.0,8300.0,11.3,1,8,0,81000.0
8.0,1000.0,2000.0,4000.0,0.0,2.0,16.0,1.0,4.0,11.0,74.0,200.0,600.0,0.0,0.0,0.0,0.0,0.0,0.0,0.0,0.0,0.0,0.0,0.0,0.0,0.0,0.0,0.0,0.0,0.0,0.0,0.0,0.0,0.0,726000.0,4300.0,1,4,0,88000.0
8.0,3000.0,4000.0,4000.0,1.0,2.0,2.0,2.0,2.0,2.0,300.0,300.0,300.0,0.0,0.0,0.0,0.0,0.0,0.0,0.0,0.0,0.0,0.0,0.0,0.0,0.0,0.0,0.0,0.0,0.0,0.0,0.0,0.0,0.0,23100.0,4000.0,1,4,0,84000.0
2.0,31.0,31.0,31.0,1.0,1.0,1.0,7.0,7.0,7.0,0.0,0.0,0.0,0.0,0.0,0.0,0.0,0.0,0.0,0.0,0.0,0.0,0.0,0.0,0.0,0.0,0.0,0.0,6.7,6.7,6.7,0.0,0.0,0.0,6.7,0.0,1,4,0,839.0
8.0,1.0,3.0,19.0,0.0,3.0,14.0,2.0,4.0,16.0,0.0,0.0,6.0,0.0,0.0,2.0,0.0,0.0,0.0,0.0,0.0,0.0,0.0,0.0,0.0,0.0,0.0,0.0,7.6,8.3,9.1,0.0,0.0,0.0,1665.3,6.7,1,4,0,8300.0
9.0,1.0,3.0,85.0,0.0,2.0,27.0,2.0,3.0,20.0,0.0,0.0,12.0,0.0,0.0,1.0,0.0,0.0,0.0,0.0,0.0,0.0,0.0,0.0,0.0,0.0,0.0,0.0,359.3,374.3,387.9,0.0,0.0,0.0,73100.0,7.6,1,4,0,8500.0
3.0,6.0,11.0,33.0,0.0,2.0,14.0,2.0,3.0,16.0,0.0,0.0,12.0,0.0,0.0,1.0,0.0,0.0,0.0,0.0,0.0,0.0,0.0,0.0,0.0,0.0,0.0,0.0,61.8,64.3,66.2,0.0,0.0,0.0,12600.0,2.8,1,8,0,81000.0
8.0,2000.0,2000.0,2000.0,1.0,2.0,2.0,4.0,6.0,6.0,300.0,300.0,300.0,0.0,0.0,0.0,0.0,0.0,0.0,0.0,0.0,0.0,0.0,0.0,0.0,0.0,0.0,0.0,0.0,0.0,0.0,0.0,0.0,0.0,23300.0,1657.7,1,8,0,82000.0
8.0,1000.0,2000.0,3000.0,0.0,2.0,3.0,1.0,3.0,5.0,68.0,100.0,400.0,0.0,0.0,0.0,0.0,0.0,0.0,0.0,0.0,0.0,0.0,0.0,0.0,0.0,0.0,0.0,0.0,0.0,0.0,0.0,0.0,0.0,726000.0,37000.0,1,4,0,814000.0
8.0,2000.0,11000.0,13000.0,0.0,2.0,4.0,1.0,2.0,4.0,100.0,800.0,800.0,0.0,0.0,0.0,0.0,0.0,0.0,0.0,0.0,0.0,0.0,0.0,0.0,0.0,0.0,0.0,0.0,0.0,0.0,0.0,0.0,0.0,164300.0,36100.0,1,4,0,814000.0
8.0,1000.0,3000.0,3000.0,1.0,3.0,9.0,2.0,5.0,25.0,62.0,200.0,400.0,0.0,0.0,0.0,0.0,0.0,0.0,0.0,0.0,0.0,0.0,0.0,0.0,0.0,0.0,0.0,0.0,0.0,0.0,0.0,0.0,0.0,726000.0,12600.0,1,4,0,88000.0
2.0,15.0,15.0,15.0,1.0,1.0,1.0,5.0,5.0,5.0,0.0,0.0,0.0,0.0,0.0,0.0,0.0,0.0,0.0,0.0,0.0,0.0,0.0,0.0,0.0,0.0,0.0,0.0,11.4,11.4,11.4,0.0,0.0,0.0,11.4,0.0,1,4,0,821.0
9.0,1.0,20.0,72.0,0.0,2.0,27.0,2.0,4.0,34.0,0.0,0.0,12.0,0.0,0.0,1.0,0.0,0.0,0.0,0.0,0.0,0.0,0.0,0.0,0.0,0.0,0.0,8.0,375.1,409.3,438.0,0.0,0.0,0.0,79800.0,11.4,1,4,0,8700.0
7.0,9.0,31.0,100.0,1.0,3.0,37.0,2.0,4.0,31.0,0.0,0.0,32.0,0.0,0.0,2.0,0.0,0.0,0.0,0.0,0.0,0.0,0.0,0.0,0.0,0.0,0.0,1.0,203.0,225.8,243.8,0.0,0.0,0.0,43900.0,9.2,1,8,0,82000.0
8.0,1000.0,3000.0,6000.0,0.0,2.0,18.0,2.0,4.0,43.0,100.0,400.0,1000.0,0.0,0.0,1.0,0.0,0.0,0.0,0.0,0.0,0.0,0.0,0.0,0.0,0.0,0.0,0.0,0.0,0.0,0.0,0.0,0.0,0.0,726000.0,79700.0,1,4,0,813000.0
8.0,2000.0,6000.0,15000.0,0.0,2.0,9.0,1.0,2.0,13.0,84.0,300.0,700.0,0.0,0.0,0.0,0.0,0.0,0.0,0.0,0.0,0.0,0.0,0.0,0.0,0.0,0.0,0.0,0.0,0.0,0.0,0.0,0.0,0.0,726000.0,43900.0,1,8,0,822000.0
8.0,900.0,1000.0,1000.0,1.0,1.0,1.0,2.0,3.0,3.0,400.0,400.0,400.0,0.0,0.0,0.0,0.0,0.0,0.0,0.0,0.0,0.0,0.0,0.0,0.0,0.0,0.0,0.0,0.0,0.0,0.0,0.0,0.0,0.0,23100.0,9.0,1,4,0,81000.0
2.0,12.0,30.0,100.0,0.0,2.0,21.0,7.0,13.0,73.0,0.0,0.0,46.0,0.0,0.0,1.0,0.0,0.0,0.0,0.0,0.0,0.0,0.0,0.0,0.0,0.0,0.0,2.0,6.9,8.4,10.3,0.0,0.0,0.0,1681.3,0.0,1,8,0,81000.0
3.0,17.0,71.0,200.0,0.0,3.0,34.0,3.0,7.0,44.0,0.0,0.0,29.0,0.0,0.0,1.0,0.0,0.0,0.0,0.0,0.0,0.0,0.0,0.0,0.0,0.0,0.0,9.0,24.0,32.9,38.8,0.0,0.0,0.0,6400.0,1681.3,1,8,0,82000.0
5.0,13.0,29.0,100.0,1.0,3.0,19.0,4.0,7.0,67.0,0.0,0.0,34.0,0.0,0.0,1.0,0.0,0.0,0.0,0.0,0.0,0.0,0.0,0.0,0.0,0.0,0.0,2.0,24.0,32.9,38.8,0.0,0.0,0.0,6400.0,0.0,1,8,0,81000.0
3.0,43.0,72.0,200.0,0.0,2.0,24.0,2.0,4.0,40.0,0.0,15.0,39.0,0.0,0.0,1.0,0.0,0.0,0.0,0.0,0.0,0.0,0.0,0.0,0.0,0.0,0.0,1.0,32.5,35.6,38.5,0.0,0.0,0.0,6900.0,6400.0,1,8,0,82000.0
6.0,37.0,78.0,200.0,0.0,2.0,16.0,2.0,3.0,37.0,0.0,16.0,49.0,0.0,0.0,1.0,0.0,0.0,0.0,0.0,0.0,0.0,0.0,0.0,0.0,0.0,0.0,2.0,62.2,66.7,70.0,0.0,0.0,0.0,13000.0,6900.0,1,4,0,82000.0
6.0,34.0,66.0,100.0,0.0,2.0,24.0,1.0,3.0,27.0,0.0,19.0,43.0,0.0,0.0,1.0,0.0,0.0,0.0,0.0,0.0,0.0,0.0,0.0,0.0,0.0,0.0,1.0,20.7,33.6,48.8,0.0,0.0,0.0,6600.0,12300.0,1,8,0,82000.0
8.0,9000.0,9000.0,9000.0,0.0,1.0,1.0,3.0,3.0,3.0,3000.0,3000.0,3000.0,0.0,1.0,1.0,0.0,0.0,0.0,0.0,0.0,0.0,0.0,0.0,0.0,0.0,0.0,0.0,0.0,0.0,0.0,0.0,0.0,0.0,23100.0,759.8,1,8,0,89000.0
8.0,7000.0,9000.0,9000.0,0.0,1.0,1.0,3.0,3.0,3.0,3000.0,3000.0,3000.0,0.0,0.0,0.0,0.0,0.0,0.0,0.0,0.0,0.0,0.0,0.0,0.0,0.0,0.0,0.0,0.0,0.0,0.0,0.0,0.0,0.0,113700.0,6500.0,1,4,0,89000.0
8.0,3000.0,3000.0,3000.0,1.0,2.0,2.0,1.0,1.0,1.0,3000.0,3000.0,3000.0,0.0,0.0,0.0,0.0,0.0,0.0,0.0,0.0,0.0,0.0,0.0,0.0,0.0,0.0,0.0,0.0,0.0,0.0,0.0,0.0,0.0,1456.1,100.5,1,8,0,83000.0
2.0,5.0,5.0,5.0,0.0,1.0,1.0,9.0,9.0,9.0,0.0,0.0,0.0,0.0,0.0,0.0,0.0,0.0,0.0,0.0,0.0,0.0,0.0,0.0,0.0,0.0,0.0,0.0,0.0,0.148,0.148,0.0,0.0,0.0,0.148,0.0,1,8,0,815.0
6.0,1.0,3.0,20.0,0.0,2.0,13.0,2.0,3.0,18.0,0.0,0.0,9.0,0.0,0.0,2.0,0.0,0.0,0.0,0.0,0.0,0.0,0.0,0.0,0.0,0.0,0.0,1.0,9.6,14.7,20.9,0.0,0.0,0.0,2900.0,0.148,1,8,0,8200.0
8.0,1.0,3.0,27.0,0.0,2.0,19.0,2.0,3.0,17.0,0.0,0.0,11.0,0.0,0.0,2.0,0.0,0.0,0.0,0.0,0.0,0.0,0.0,0.0,0.0,0.0,0.0,1.0,9.6,14.7,20.9,0.0,0.0,0.0,2900.0,0.0,1,4,0,8300.0
8.0,200.0,400.0,400.0,1.0,2.0,2.0,2.0,2.0,2.0,0.0,0.0,0.0,0.0,0.0,0.0,0.0,0.0,0.0,0.0,0.0,0.0,0.0,0.0,0.0,0.0,0.0,0.0,0.0,0.0,0.0,0.0,0.0,0.0,1456.1,694.8,1,8,0,8400.0
3.0,8.0,8.0,8.0,1.0,1.0,1.0,1.0,1.0,1.0,0.0,0.0,0.0,0.0,0.0,0.0,0.0,0.0,0.0,0.0,0.0,0.0,0.0,0.0,0.0,0.0,0.0,0.0,11.5,11.5,11.5,0.0,0.0,0.0,11.5,0.0,1,8,0,810.0
3.0,1.0,3.0,500.0,0.0,2.0,400.0,1.0,2.0,100.0,0.0,0.0,10.0,0.0,0.0,1.0,0.0,0.0,0.0,0.0,0.0,0.0,0.0,0.0,0.0,0.0,0.0,0.0,7.4,11.3,16.1,0.0,0.0,0.0,2200.0,11.5,1,8,0,8800.0
8.0,4000.0,15000.0,20000.0,0.0,1.0,2.0,1.0,3.0,5.0,67.0,200.0,300.0,0.0,0.0,0.0,0.0,0.0,0.0,0.0,0.0,0.0,0.0,0.0,0.0,0.0,0.0,0.0,0.0,0.0,0.0,0.0,0.0,0.0,726000.0,2200.0,1,4,0,842000.0
2.0,300.0,300.0,300.0,1.0,1.0,1.0,8.0,8.0,8.0,0.0,0.0,0.0,0.0,0.0,0.0,0.0,0.0,0.0,0.0,0.0,0.0,0.0,0.0,0.0,0.0,0.0,0.0,13.3,13.3,13.3,0.0,0.0,0.0,13.3,0.0,1,4,0,8300.0
6.0,2.0,6.0,300.0,0.0,2.0,100.0,1.0,3.0,10.0,0.0,0.0,15.0,0.0,0.0,1.0,0.0,0.0,0.0,0.0,0.0,0.0,0.0,0.0,0.0,0.0,0.0,1.0,23.2,25.1,27.2,0.0,0.0,0.0,4900.0,13.3,1,4,0,8900.0
8.0,7000.0,14000.0,25000.0,0.0,1.0,2.0,1.0,2.0,6.0,84.0,300.0,600.0,0.0,0.0,1.0,0.0,0.0,0.0,0.0,0.0,0.0,0.0,0.0,0.0,0.0,0.0,0.0,0.0,0.0,0.0,0.0,0.0,0.0,726000.0,1630.9,1,4,0,849000.0
8.0,11000.0,12000.0,12000.0,1.0,2.0,2.0,1.0,2.0,2.0,200.0,200.0,200.0,0.0,0.0,0.0,0.0,0.0,0.0,0.0,0.0,0.0,0.0,0.0,0.0,0.0,0.0,0.0,0.0,0.0,0.0,0.0,0.0,0.0,23100.0,3300.0,1,4,0,812000.0
2.0,4.0,10.0,44.0,0.0,1.0,7.0,5.0,9.0,42.0,0.0,0.0,24.0,0.0,0.0,1.0,0.0,0.0,0.0,0.0,0.0,0.0,0.0,0.0,0.0,0.0,0.0,0.0,0.0,0.063,0.063,0.0,0.0,0.0,2.6,0.0,1,8,0,8200.0
3.0,0.0,1.0,34.0,0.0,2.0,15.0,2.0,3.0,20.0,0.0,0.0,11.0,0.0,0.0,1.0,0.0,0.0,0.0,0.0,0.0,0.0,0.0,0.0,0.0,0.0,0.0,1.0,0.0,0.0,14.7,0.0,0.0,0.0,359.0,2.6,1,4,0,8200.0
5.0,0.0,1.0,30.0,0.0,3.0,16.0,2.0,3.0,21.0,0.0,0.0,12.0,0.0,0.0,1.0,0.0,0.0,0.0,0.0,0.0,0.0,0.0,0.0,0.0,0.0,0.0,1.0,0.0,0.0,14.7,0.0,0.0,0.0,359.0,0.0,1,4,0,8300.0
3.0,8.0,21.0,72.0,0.0,2.0,17.0,2.0,3.0,27.0,0.0,0.0,13.0,0.0,0.0,1.0,0.0,0.0,0.0,0.0,0.0,0.0,0.0,0.0,0.0,0.0,0.0,0.0,3.9,4.5,15.4,0.0,0.0,0.0,905.4,359.0,1,8,0,8800.0
7.0,10.0,26.0,400.0,0.0,2.0,300.0,2.0,3.0,300.0,0.0,0.0,50.0,0.0,0.0,1.0,0.0,0.0,0.0,0.0,0.0,0.0,0.0,0.0,0.0,0.0,0.0,0.0,66.9,80.0,89.8,0.0,0.0,0.0,15600.0,905.4,1,4,0,81000.0
8.0,900.0,3000.0,3000.0,1.0,2.0,4.0,3.0,3.0,7.0,500.0,600.0,600.0,0.0,0.0,0.0,0.0,0.0,0.0,0.0,0.0,0.0,0.0,0.0,0.0,0.0,0.0,0.0,0.0,0.0,0.0,0.0,0.0,0.0,164300.0,14700.0,1,4,0,83000.0
8.0,2000.0,2000.0,2000.0,0.0,1.0,1.0,3.0,4.0,4.0,500.0,500.0,500.0,0.0,0.0,0.0,0.0,0.0,0.0,0.0,0.0,0.0,0.0,0.0,0.0,0.0,0.0,0.0,0.0,0.0,0.0,0.0,0.0,0.0,23300.0,962.9,1,8,0,82000.0
2.0,100.0,100.0,100.0,1.0,1.0,1.0,7.0,9.0,11.0,0.0,0.0,0.0,0.0,0.0,0.0,0.0,0.0,0.0,0.0,0.0,0.0,0.0,0.0,0.0,0.0,0.0,0.0,0.0,0.077,0.077,0.0,0.0,0.0,0.154,0.0,1,4,0,8200.0
3.0,0.0,1.0,11.0,0.0,2.0,11.0,1.0,3.0,14.0,0.0,0.0,5.0,0.0,0.0,1.0,0.0,0.0,0.0,0.0,0.0,0.0,0.0,0.0,0.0,0.0,0.0,0.0,0.0,0.0,14.7,0.0,0.0,0.0,29.3,0.154,1,4,0,8200.0
5.0,0.0,1.0,28.0,0.0,2.0,32.0,1.0,3.0,30.0,0.0,0.0,4.0,0.0,0.0,1.0,0.0,0.0,0.0,0.0,0.0,0.0,0.0,0.0,0.0,0.0,0.0,0.0,0.0,0.0,14.7,0.0,0.0,0.0,29.3,0.0,1,4,0,8200.0
6.0,9.0,16.0,100.0,0.0,2.0,25.0,2.0,4.0,26.0,0.0,0.0,22.0,0.0,0.0,1.0,0.0,0.0,0.0,0.0,0.0,0.0,0.0,0.0,0.0,0.0,0.0,1.0,71.0,74.3,76.8,0.0,0.0,0.0,14500.0,29.3,1,8,0,8800.0
8.0,2000.0,10000.0,13000.0,0.0,1.0,2.0,1.0,2.0,4.0,27.0,300.0,400.0,0.0,0.0,0.0,0.0,0.0,0.0,0.0,0.0,0.0,0.0,0.0,0.0,0.0,0.0,0.0,0.0,0.0,0.0,0.0,0.0,0.0,164300.0,13900.0,1,4,0,813000.0
8.0,6000.0,12000.0,20000.0,0.0,1.0,2.0,1.0,2.0,6.0,100.0,300.0,600.0,0.0,0.0,0.0,0.0,0.0,0.0,0.0,0.0,0.0,0.0,0.0,0.0,0.0,0.0,0.0,0.0,0.0,0.0,0.0,0.0,0.0,726000.0,593.5,1,4,0,839000.0
2.0,4.0,17.0,82.0,0.0,2.0,41.0,6.0,12.0,59.0,0.0,0.0,32.0,0.0,0.0,0.0,0.0,0.0,0.0,0.0,0.0,0.0,0.0,0.0,0.0,0.0,0.0,0.0,0.317,0.368,0.444,0.0,0.0,0.0,74.9,0.0,1,4,0,81000.0
5.0,8.0,16.0,56.0,0.0,2.0,22.0,2.0,4.0,26.0,0.0,0.0,14.0,0.0,0.0,7.0,0.0,0.0,0.0,0.0,0.0,0.0,0.0,0.0,0.0,0.0,0.0,1.0,5.6,7.0,8.0,0.0,0.0,0.0,1383.6,74.9,1,8,0,8700.0
7.0,4.0,10.0,200.0,1.0,3.0,40.0,1.0,4.0,34.0,0.0,0.0,25.0,0.0,0.0,3.0,0.0,0.0,0.0,0.0,0.0,0.0,0.0,0.0,0.0,0.0,0.0,15.0,5.6,7.0,8.0,0.0,0.0,0.0,1383.6,0.0,1,4,0,8700.0
6.0,1.0,33.0,100.0,0.0,2.0,16.0,1.0,3.0,35.0,0.0,7.0,26.0,0.0,0.0,3.0,0.0,0.0,0.0,0.0,0.0,0.0,0.0,0.0,0.0,0.0,0.0,1.0,43.8,72.9,105.4,0.0,0.0,0.0,14200.0,1383.6,1,4,0,81000.0
8.0,400.0,600.0,600.0,0.0,1.0,1.0,1.0,1.0,2.0,68.0,76.0,76.0,0.0,0.0,0.0,0.0,0.0,0.0,0.0,0.0,0.0,0.0,0.0,0.0,0.0,0.0,0.0,0.0,0.0,0.0,0.0,0.0,0.0,113700.0,14200.0,1,8,0,8600.0
3.0,7.0,7.0,7.0,1.0,1.0,1.0,1.0,1.0,1.0,0.0,0.0,0.0,0.0,0.0,0.0,0.0,0.0,0.0,0.0,0.0,0.0,0.0,0.0,0.0,0.0,0.0,0.0,11.5,11.5,11.5,0.0,0.0,0.0,11.5,0.0,1,8,0,89.0
6.0,0.0,4.0,16.0,0.0,2.0,17.0,1.0,3.0,20.0,0.0,0.0,7.0,0.0,0.0,5.0,0.0,0.0,0.0,0.0,0.0,0.0,0.0,0.0,0.0,0.0,0.0,1.0,33.6,56.4,81.0,0.0,0.0,0.0,11000.0,11.5,1,8,0,8300.0
6.0,0.0,1.0,22.0,0.0,1.0,1000.0,1.0,2.0,1000.0,0.0,0.0,1000.0,0.0,0.0,1.0,0.0,0.0,0.0,0.0,0.0,0.0,0.0,0.0,0.0,0.0,0.0,0.0,0.0,0.0,5.6,0.0,0.0,0.0,59.4,11.7,1,8,0,81000.0
8.0,3000.0,4000.0,5000.0,0.0,1.0,1.0,1.0,2.0,5.0,1000.0,1000.0,1000.0,0.0,0.0,0.0,0.0,0.0,0.0,0.0,0.0,0.0,0.0,0.0,0.0,0.0,0.0,0.0,0.0,0.0,0.0,0.0,0.0,0.0,113700.0,11000.0,1,8,0,85000.0
8.0,63.0,100.0,100.0,2.0,4.0,4.0,1.0,1.0,1.0,0.0,26.0,26.0,0.0,0.0,0.0,0.0,0.0,0.0,0.0,0.0,0.0,0.0,0.0,0.0,0.0,0.0,0.0,0.0,0.0,0.0,0.0,0.0,0.0,1456.1,59.4,1,8,0,8100.0
8.0,4.0,12.0,12.0,1.0,3.0,3.0,1.0,2.0,2.0,0.0,0.0,0.0,0.0,0.0,0.0,0.0,0.0,0.0,0.0,0.0,0.0,0.0,0.0,0.0,0.0,0.0,0.0,0.0,0.0,0.0,0.0,0.0,0.0,3.3,0.059,1,8,0,815.0
2.0,15.0,15.0,15.0,0.0,0.0,0.0,6.0,6.0,6.0,0.0,0.0,0.0,0.0,0.0,0.0,0.0,0.0,0.0,0.0,0.0,0.0,0.0,0.0,0.0,0.0,0.0,0.0,593.0,593.0,593.0,0.0,0.0,0.0,593.0,0.0,1,4,0,821.0
5.0,7.0,12.0,47.0,0.0,2.0,28.0,2.0,4.0,36.0,0.0,0.0,21.0,0.0,0.0,1.0,0.0,0.0,0.0,0.0,0.0,0.0,0.0,0.0,0.0,0.0,0.0,3.0,44.5,53.8,63.3,0.0,0.0,0.0,10500.0,593.0,1,4,0,8600.0
6.0,25.0,54.0,100.0,0.0,2.0,37.0,1.0,4.0,31.0,0.0,9.0,25.0,0.0,0.0,1.0,0.0,0.0,0.0,0.0,0.0,0.0,0.0,0.0,0.0,0.0,0.0,1.0,136.9,146.1,155.0,0.0,0.0,0.0,28600.0,10500.0,1,8,0,82000.0
6.0,0.0,1.0,100.0,0.0,1.0,5.0,1.0,2.0,8.0,0.0,0.0,16.0,0.0,0.0,0.0,0.0,0.0,0.0,0.0,0.0,0.0,0.0,0.0,0.0,0.0,0.0,1.0,0.0,0.0,491.1,0.0,0.0,0.0,6300.0,8200.0,1,4,0,81000.0
6.0,6.0,9.0,300.0,0.0,1.0,24.0,1.0,2.0,12.0,0.0,0.0,16.0,0.0,0.0,2.0,0.0,0.0,0.0,0.0,0.0,0.0,0.0,0.0,0.0,0.0,0.0,0.0,81.4,90.6,99.7,0.0,0.0,0.0,17700.0,6300.0,1,4,0,82000.0
8.0,6000.0,12000.0,15000.0,0.0,1.0,2.0,1.0,2.0,6.0,85.0,300.0,500.0,0.0,0.0,0.0,0.0,0.0,0.0,0.0,0.0,0.0,0.0,0.0,0.0,0.0,0.0,0.0,0.0,0.0,0.0,0.0,0.0,0.0,726000.0,20300.0,1,4,0,841000.0
8.0,10.0,16.0,16.0,1.0,2.0,2.0,3.0,4.0,4.0,0.0,0.0,0.0,0.0,0.0,0.0,0.0,0.0,0.0,0.0,0.0,0.0,0.0,0.0,0.0,0.0,0.0,0.0,0.0,0.0,0.0,0.0,0.0,0.0,3.3,1.826,1,8,0,836.0
8.0,4000.0,4000.0,4000.0,3.0,4.0,4.0,1.0,2.0,2.0,300.0,300.0,300.0,0.0,0.0,0.0,0.0,0.0,0.0,0.0,0.0,0.0,0.0,0.0,0.0,0.0,0.0,0.0,0.0,0.0,0.0,0.0,0.0,0.0,23300.0,16900.0,1,4,0,84000.0
8.0,2000.0,8000.0,9000.0,1.0,1.0,3.0,2.0,3.0,5.0,200.0,400.0,500.0,0.0,0.0,0.0,0.0,0.0,0.0,0.0,0.0,0.0,0.0,0.0,0.0,0.0,0.0,0.0,0.0,0.0,0.0,0.0,0.0,0.0,164300.0,780.6,1,8,0,89000.0
2.0,5.0,17.0,62.0,0.0,3.0,35.0,7.0,11.0,54.0,0.0,0.0,24.0,0.0,0.0,1.0,0.0,0.0,0.0,0.0,0.0,0.0,0.0,0.0,0.0,0.0,0.0,0.0,0.0,0.092,0.1,0.0,0.0,0.0,15.9,0.0,1,4,0,8800.0
3.0,0.0,16.0,54.0,0.0,2.0,23.0,2.0,4.0,33.0,0.0,0.0,19.0,0.0,0.0,1.0,0.0,0.0,0.0,0.0,0.0,0.0,0.0,0.0,0.0,0.0,0.0,1.0,0.0,18.0,40.4,0.0,0.0,0.0,2500.0,15.9,1,4,0,8500.0
5.0,0.0,12.0,46.0,0.0,2.0,11.0,2.0,4.0,20.0,0.0,0.0,20.0,0.0,0.0,1.0,0.0,0.0,0.0,0.0,0.0,0.0,0.0,0.0,0.0,0.0,0.0,12.0,0.0,18.0,40.4,0.0,0.0,0.0,2500.0,0.0,1,4,0,8400.0
6.0,27.0,62.0,100.0,0.0,2.0,25.0,2.0,5.0,30.0,0.0,12.0,25.0,0.0,0.0,1.0,0.0,0.0,0.0,0.0,0.0,0.0,0.0,0.0,0.0,0.0,0.0,4.0,161.6,170.8,177.9,0.0,0.0,0.0,33400.0,2500.0,1,4,0,82000.0
6.0,37.0,77.0,200.0,0.0,2.0,30.0,2.0,4.0,30.0,0.0,17.0,40.0,0.0,0.0,1.0,0.0,0.0,0.0,0.0,0.0,0.0,0.0,0.0,0.0,0.0,0.0,16.0,99.2,111.1,122.5,0.0,0.0,0.0,21700.0,15900.0,1,8,0,82000.0
6.0,20.0,49.0,700.0,0.0,2.0,18.0,1.0,3.0,200.0,0.0,11.0,200.0,0.0,0.0,1.0,0.0,0.0,0.0,0.0,0.0,0.0,0.0,0.0,0.0,0.0,0.0,1.0,26.1,46.1,68.1,0.0,0.0,0.0,9200.0,9900.0,1,8,0,83000.0
6.0,29.0,400.0,3000.0,0.0,1.0,14.0,1.0,2.0,18.0,0.0,9.0,35.0,0.0,0.0,1.0,0.0,0.0,0.0,0.0,0.0,0.0,0.0,0.0,0.0,0.0,0.0,1.0,689.1,751.9,801.8,0.0,0.0,0.0,146500.0,8800.0,1,8,0,821000.0
6.0,0.0,1.0,200.0,0.0,1.0,4.0,1.0,1.0,8.0,0.0,0.0,8.0,0.0,0.0,1.0,0.0,0.0,0.0,0.0,0.0,0.0,0.0,0.0,0.0,0.0,0.0,0.0,0.0,0.0,5.8,0.0,0.0,0.0,61.1,364.4,1,4,0,81000.0
8.0,3000.0,17000.0,20000.0,1.0,1.0,2.0,1.0,2.0,3.0,31.0,200.0,200.0,0.0,0.0,0.0,0.0,0.0,0.0,0.0,0.0,0.0,0.0,0.0,0.0,0.0,0.0,0.0,0.0,0.0,0.0,0.0,0.0,0.0,164300.0,17500.0,1,4,0,822000.0
8.0,3000.0,10000.0,13000.0,1.0,2.0,2.0,1.0,2.0,2.0,56.0,100.0,200.0,0.0,0.0,0.0,0.0,0.0,0.0,0.0,0.0,0.0,0.0,0.0,0.0,0.0,0.0,0.0,0.0,0.0,0.0,0.0,0.0,0.0,113700.0,11800.0,1,4,0,816000.0
8.0,600.0,900.0,900.0,1.0,1.0,1.0,2.0,3.0,3.0,6.0,200.0,200.0,0.0,0.0,0.0,0.0,0.0,0.0,0.0,0.0,0.0,0.0,0.0,0.0,0.0,0.0,0.0,0.0,0.0,0.0,0.0,0.0,0.0,1456.1,59.4,1,4,0,82000.0
8.0,10.0,100.0,100.0,1.0,2.0,2.0,1.0,3.0,3.0,0.0,0.0,0.0,0.0,0.0,0.0,0.0,0.0,0.0,0.0,0.0,0.0,0.0,0.0,0.0,0.0,0.0,0.0,0.0,0.0,0.0,0.0,0.0,0.0,3.3,1.826,1,8,0,8200.0
8.0,10000.0,14000.0,19000.0,0.0,1.0,2.0,1.0,2.0,7.0,200.0,400.0,500.0,0.0,0.0,1.0,0.0,0.0,0.0,0.0,0.0,0.0,0.0,0.0,0.0,0.0,0.0,0.0,0.0,0.0,0.0,0.0,0.0,0.0,726000.0,146400.0,1,8,0,846000.0
8.0,900.0,900.0,900.0,0.0,0.0,0.0,2.0,3.0,3.0,59.0,59.0,59.0,0.0,0.0,0.0,0.0,0.0,0.0,0.0,0.0,0.0,0.0,0.0,0.0,0.0,0.0,0.0,0.0,0.0,0.0,0.0,0.0,0.0,23100.0,94.3,1,4,0,8900.0
2.0,6.0,9.0,10.0,1.0,1.0,1.0,7.0,10.0,11.0,0.0,0.0,0.0,0.0,0.0,0.0,0.0,0.0,0.0,0.0,0.0,0.0,0.0,0.0,0.0,0.0,0.0,0.0,0.0,0.076,0.076,0.0,0.0,0.0,0.152,0.0,1,8,0,822.0
3.0,0.0,1.0,14.0,0.0,3.0,17.0,3.0,5.0,19.0,0.0,0.0,6.0,0.0,0.0,1.0,0.0,0.0,0.0,0.0,0.0,0.0,0.0,0.0,0.0,0.0,0.0,1.0,0.0,0.0,15.6,0.0,0.0,0.0,31.1,0.152,1,4,0,8300.0
5.0,0.0,1.0,13.0,1.0,4.0,34.0,3.0,5.0,22.0,0.0,0.0,4.0,0.0,0.0,1.0,0.0,0.0,0.0,0.0,0.0,0.0,0.0,0.0,0.0,0.0,0.0,1.0,0.0,0.0,15.6,0.0,0.0,0.0,31.1,0.0,1,4,0,8300.0
6.0,18.0,36.0,1000.0,0.0,2.0,33.0,3.0,5.0,36.0,0.0,0.0,17.0,0.0,0.0,1.0,0.0,0.0,0.0,0.0,0.0,0.0,0.0,0.0,0.0,0.0,0.0,6.0,31.5,33.8,36.8,0.0,0.0,0.0,6600.0,31.1,1,8,0,83000.0
6.0,13.0,39.0,85.0,0.0,2.0,22.0,1.0,4.0,18.0,0.0,8.0,14.0,0.0,0.0,1.0,0.0,0.0,0.0,0.0,0.0,0.0,0.0,0.0,0.0,0.0,0.0,1.0,3.4,6.9,11.0,0.0,0.0,0.0,1364.4,2600.0,1,4,0,81000.0
6.0,19.0,200.0,2000.0,0.0,1.0,13.0,1.0,2.0,5.0,0.0,0.0,100.0,0.0,0.0,1.0,0.0,0.0,0.0,0.0,0.0,0.0,0.0,0.0,0.0,0.0,0.0,1.0,589.2,642.2,684.6,0.0,0.0,0.0,125100.0,1000.1,1,4,0,87000.0
6.0,0.0,1.0,26.0,0.0,1.0,200.0,1.0,2.0,4.0,0.0,0.0,9.0,0.0,0.0,1.0,0.0,0.0,0.0,0.0,0.0,0.0,0.0,0.0,0.0,0.0,0.0,0.0,0.0,0.0,5.8,0.0,0.0,0.0,61.1,364.4,1,8,0,81000.0
6.0,16.0,21.0,300.0,0.0,1.0,3.0,1.0,2.0,13.0,0.0,0.0,24.0,0.0,0.0,1.0,0.0,0.0,0.0,0.0,0.0,0.0,0.0,0.0,0.0,0.0,0.0,0.0,33.0,39.1,43.2,0.0,0.0,0.0,7600.0,4000.0,1,8,0,83000.0
6.0,0.0,1.0,36.0,0.0,1.0,6.0,1.0,2.0,6.0,0.0,0.0,16.0,0.0,0.0,0.0,0.0,0.0,0.0,0.0,0.0,0.0,0.0,0.0,0.0,0.0,0.0,0.0,0.0,0.0,78.5,0.0,0.0,0.0,809.0,280.3,1,8,0,8500.0
6.0,1.0,2.0,8.0,0.0,1.0,9.0,2.0,3.0,11.0,0.0,0.0,5.0,0.0,0.0,1.0,0.0,0.0,0.0,0.0,0.0,0.0,0.0,0.0,0.0,0.0,0.0,0.0,0.0,0.0,0.214,0.0,0.0,0.0,0.837,0.295,1,4,0,81000.0
8.0,500.0,900.0,900.0,2.0,2.0,2.0,2.0,2.0,2.0,8.0,13.0,13.0,0.0,0.0,0.0,0.0,0.0,0.0,0.0,0.0,0.0,0.0,0.0,0.0,0.0,0.0,0.0,0.0,0.0,0.0,0.0,0.0,0.0,1456.1,59.4,1,8,0,81000.0
8.0,10.0,100.0,100.0,1.0,2.0,2.0,2.0,2.0,2.0,0.0,0.0,0.0,0.0,0.0,0.0,0.0,0.0,0.0,0.0,0.0,0.0,0.0,0.0,0.0,0.0,0.0,0.0,0.0,0.0,0.0,0.0,0.0,0.0,3.3,1.826,1,4,0,8100.0
8.0,4000.0,5000.0,5000.0,1.0,2.0,2.0,1.0,1.0,1.0,67.0,81.0,81.0,0.0,0.0,0.0,0.0,0.0,0.0,0.0,0.0,0.0,0.0,0.0,0.0,0.0,0.0,0.0,0.0,0.0,0.0,0.0,0.0,0.0,23100.0,30.5,1,8,0,85000.0
8.0,7000.0,11000.0,16000.0,0.0,1.0,2.0,1.0,2.0,4.0,100.0,400.0,900.0,0.0,0.0,0.0,0.0,0.0,0.0,0.0,0.0,0.0,0.0,0.0,0.0,0.0,0.0,0.0,0.0,0.0,0.0,0.0,0.0,0.0,726000.0,125100.0,1,8,0,843000.0
8.0,1000.0,12000.0,14000.0,1.0,2.0,2.0,3.0,4.0,24.0,76.0,400.0,400.0,0.0,0.0,0.0,0.0,0.0,0.0,0.0,0.0,0.0,0.0,0.0,0.0,0.0,0.0,0.0,0.0,0.0,0.0,0.0,0.0,0.0,164300.0,7400.0,1,8,0,814000.0
8.0,6000.0,6000.0,6000.0,1.0,2.0,2.0,6.0,7.0,7.0,100.0,100.0,100.0,0.0,0.0,0.0,0.0,0.0,0.0,0.0,0.0,0.0,0.0,0.0,0.0,0.0,0.0,0.0,0.0,0.0,0.0,0.0,0.0,0.0,23300.0,808.7,1,4,0,86000.0
8.0,27.0,59.0,59.0,2.0,5.0,5.0,3.0,8.0,8.0,0.0,0.0,0.0,0.0,0.0,0.0,0.0,0.0,0.0,0.0,0.0,0.0,0.0,0.0,0.0,0.0,0.0,0.0,0.0,0.0,0.0,0.0,0.0,0.0,0.584,0.059,1,8,0,8200.0
8.0,26.0,100.0,100.0,2.0,26.0,26.0,4.0,4.0,4.0,0.0,17.0,17.0,0.0,0.0,0.0,0.0,0.0,0.0,0.0,0.0,0.0,0.0,0.0,0.0,0.0,0.0,0.0,0.0,0.0,0.0,0.0,0.0,0.0,3.3,0.778,1,8,0,8200.0
2.0,43.0,43.0,45.0,1.0,1.0,1.0,8.0,10.0,11.0,0.0,0.0,0.0,0.0,0.0,0.0,0.0,0.0,0.0,0.0,0.0,0.0,0.0,0.0,0.0,0.0,0.0,0.0,0.0,0.108,0.108,0.0,0.0,0.0,0.432,0.0,1,8,0,856.0
3.0,0.0,1.0,12.0,0.0,2.0,13.0,2.0,4.0,18.0,0.0,0.0,6.0,0.0,0.0,1.0,0.0,0.0,0.0,0.0,0.0,0.0,0.0,0.0,0.0,0.0,0.0,1.0,0.0,0.0,21.1,0.0,0.0,0.0,84.4,0.432,1,4,0,8200.0
5.0,0.0,1.0,18.0,0.0,3.0,20.0,2.0,4.0,17.0,0.0,0.0,7.0,0.0,0.0,1.0,0.0,0.0,0.0,0.0,0.0,0.0,0.0,0.0,0.0,0.0,0.0,2.0,0.0,0.0,21.1,0.0,0.0,0.0,84.4,0.0,1,8,0,8200.0
6.0,17.0,38.0,100.0,0.0,2.0,37.0,3.0,5.0,34.0,0.0,0.0,19.0,0.0,0.0,1.0,0.0,0.0,0.0,0.0,0.0,0.0,0.0,0.0,0.0,0.0,0.0,1.0,57.5,60.3,63.7,0.0,0.0,0.0,11800.0,84.4,1,4,0,81000.0
6.0,1.0,67.0,500.0,0.0,2.0,24.0,2.0,4.0,200.0,0.0,14.0,100.0,0.0,0.0,1.0,0.0,0.0,0.0,0.0,0.0,0.0,0.0,0.0,0.0,0.0,0.0,0.0,135.2,225.1,325.1,0.0,0.0,0.0,44100.0,7900.0,1,4,0,82000.0
6.0,17.0,22.0,47.0,0.0,1.0,4.0,1.0,2.0,11.0,0.0,0.0,24.0,0.0,0.0,1.0,0.0,0.0,0.0,0.0,0.0,0.0,0.0,0.0,0.0,0.0,0.0,0.0,63.6,76.4,86.2,0.0,0.0,0.0,14900.0,3900.0,1,8,0,84000.0
6.0,0.0,1.0,34.0,0.0,1.0,4.0,1.0,2.0,9.0,0.0,0.0,7.0,0.0,0.0,0.0,0.0,0.0,0.0,0.0,0.0,0.0,0.0,0.0,0.0,0.0,0.0,0.0,0.0,0.0,78.5,0.0,0.0,0.0,808.8,108.3,1,8,0,8700.0
6.0,0.0,1.0,22.0,0.0,1.0,10.0,1.0,2.0,12.0,0.0,0.0,9.0,0.0,0.0,1.0,0.0,0.0,0.0,0.0,0.0,0.0,0.0,0.0,0.0,0.0,0.0,0.0,0.0,0.0,5.6,0.0,0.0,0.0,59.5,30.0,1,4,0,81000.0
8.0,5000.0,9000.0,16000.0,0.0,1.0,2.0,1.0,2.0,3.0,91.0,400.0,600.0,0.0,0.0,1.0,0.0,0.0,0.0,0.0,0.0,0.0,0.0,0.0,0.0,0.0,0.0,0.0,0.0,0.0,0.0,0.0,0.0,0.0,726000.0,44100.0,1,8,0,837000.0
8.0,300.0,900.0,900.0,1.0,2.0,2.0,2.0,3.0,3.0,0.0,200.0,200.0,0.0,0.0,0.0,0.0,0.0,0.0,0.0,0.0,0.0,0.0,0.0,0.0,0.0,0.0,0.0,0.0,0.0,0.0,0.0,0.0,0.0,1456.1,59.4,1,4,0,81000.0
8.0,2000.0,12000.0,15000.0,1.0,1.0,2.0,2.0,3.0,3.0,300.0,500.0,500.0,0.0,0.0,0.0,0.0,0.0,0.0,0.0,0.0,0.0,0.0,0.0,0.0,0.0,0.0,0.0,0.0,0.0,0.0,0.0,0.0,0.0,164300.0,14800.0,1,8,0,815000.0
8.0,800.0,800.0,800.0,0.0,1.0,1.0,2.0,2.0,2.0,26.0,26.0,26.0,0.0,0.0,0.0,0.0,0.0,0.0,0.0,0.0,0.0,0.0,0.0,0.0,0.0,0.0,0.0,0.0,0.0,0.0,0.0,0.0,0.0,3.3,0.134,1,8,0,8800.0
8.0,800.0,2000.0,2000.0,1.0,3.0,3.0,2.0,2.0,2.0,26.0,300.0,300.0,0.0,0.0,0.0,0.0,0.0,0.0,0.0,0.0,0.0,0.0,0.0,0.0,0.0,0.0,0.0,0.0,0.0,0.0,0.0,0.0,0.0,23300.0,808.7,1,4,0,82000.0
2.0,69.0,69.0,69.0,1.0,1.0,1.0,8.0,8.0,8.0,0.0,0.0,0.0,0.0,0.0,0.0,0.0,0.0,0.0,0.0,0.0,0.0,0.0,0.0,0.0,0.0,0.0,0.0,1.357,1.357,1.357,0.0,0.0,0.0,1.357,0.0,1,8,0,879.0
8.0,8000.0,12000.0,19000.0,0.0,2.0,3.0,1.0,3.0,14.0,89.0,200.0,200.0,0.0,0.0,1.0,0.0,0.0,0.0,0.0,0.0,0.0,0.0,0.0,0.0,0.0,0.0,0.0,0.0,0.0,0.0,0.0,0.0,0.0,726000.0,1.357,1,4,0,837000.0
2.0,63.0,73.0,74.0,2.0,3.0,4.0,13.0,15.0,22.0,0.0,0.0,0.0,0.0,0.0,0.0,0.0,0.0,0.0,0.0,0.0,0.0,0.0,0.0,0.0,0.0,0.0,0.0,0.0,0.076,0.084,0.0,0.0,0.0,0.388,0.0,1,4,0,890.0
3.0,0.0,1.0,69.0,0.0,3.0,70.0,2.0,5.0,34.0,0.0,0.0,15.0,0.0,0.0,1.0,0.0,0.0,0.0,0.0,0.0,0.0,0.0,0.0,0.0,0.0,0.0,1.0,0.0,0.0,16.4,0.0,0.0,0.0,75.8,0.388,1,8,0,8400.0
5.0,0.0,1.0,13.0,1.0,3.0,19.0,2.0,4.0,16.0,0.0,0.0,9.0,0.0,0.0,10.0,0.0,0.0,0.0,0.0,0.0,0.0,0.0,0.0,0.0,0.0,0.0,0.0,0.0,0.0,16.4,0.0,0.0,0.0,75.8,0.0,1,4,0,8300.0
6.0,17.0,36.0,100.0,0.0,3.0,41.0,3.0,6.0,30.0,0.0,0.0,17.0,0.0,0.0,1.0,0.0,0.0,0.0,0.0,0.0,0.0,0.0,0.0,0.0,0.0,0.0,11.0,45.2,48.1,51.5,0.0,0.0,0.0,9400.0,75.8,1,4,0,81000.0
6.0,41.0,79.0,200.0,0.0,2.0,16.0,2.0,4.0,24.0,0.0,14.0,31.0,0.0,0.0,5.0,0.0,0.0,0.0,0.0,0.0,0.0,0.0,0.0,0.0,0.0,0.0,1.0,153.5,159.9,164.4,0.0,0.0,0.0,31200.0,8100.0,1,4,0,82000.0
6.0,30.0,200.0,2000.0,0.0,1.0,14.0,1.0,3.0,25.0,0.0,9.0,200.0,0.0,0.0,1.0,0.0,0.0,0.0,0.0,0.0,0.0,0.0,0.0,0.0,0.0,0.0,1.0,320.4,527.1,757.9,0.0,0.0,0.0,103300.0,28500.0,1,8,0,813000.0
6.0,0.0,1.0,99.0,0.0,1.0,10.0,1.0,2.0,9.0,0.0,0.0,5.0,0.0,0.0,1.0,0.0,0.0,0.0,0.0,0.0,0.0,0.0,0.0,0.0,0.0,0.0,0.0,0.0,0.0,5.7,0.0,0.0,0.0,59.7,79.4,1,4,0,8900.0
6.0,1.0,1.0,100.0,0.0,1.0,54.0,1.0,2.0,9.0,0.0,0.0,7.0,0.0,0.0,1.0,0.0,0.0,0.0,0.0,0.0,0.0,0.0,0.0,0.0,0.0,0.0,0.0,0.0,0.0,0.274,0.0,0.0,0.0,1.155,0.364,1,8,0,8600.0
8.0,2000.0,2000.0,2000.0,1.0,1.0,1.0,2.0,2.0,2.0,200.0,200.0,200.0,0.0,0.0,0.0,0.0,0.0,0.0,0.0,0.0,0.0,0.0,0.0,0.0,0.0,0.0,0.0,0.0,0.0,0.0,0.0,0.0,0.0,23300.0,1355.7,1,8,0,82000.0
8.0,2000.0,15000.0,17000.0,0.0,1.0,7.0,1.0,2.0,2.0,200.0,500.0,700.0,0.0,0.0,0.0,0.0,0.0,0.0,0.0,0.0,0.0,0.0,0.0,0.0,0.0,0.0,0.0,0.0,0.0,0.0,0.0,0.0,0.0,164300.0,2700.0,1,8,0,817000.0
8.0,3000.0,7000.0,12000.0,0.0,1.0,4.0,0.0,2.0,3.0,200.0,400.0,1000.0,0.0,0.0,1.0,0.0,0.0,0.0,0.0,0.0,0.0,0.0,0.0,0.0,0.0,0.0,0.0,0.0,0.0,0.0,0.0,0.0,0.0,726000.0,103200.0,1,8,0,823000.0
8.0,700.0,700.0,700.0,1.0,1.0,1.0,2.0,2.0,2.0,200.0,200.0,200.0,0.0,0.0,0.0,0.0,0.0,0.0,0.0,0.0,0.0,0.0,0.0,0.0,0.0,0.0,0.0,0.0,0.0,0.0,0.0,0.0,0.0,1456.1,59.4,1,4,0,8700.0
8.0,24.0,24.0,24.0,2.0,3.0,3.0,1.0,2.0,2.0,0.0,0.0,0.0,0.0,0.0,0.0,0.0,0.0,0.0,0.0,0.0,0.0,0.0,0.0,0.0,0.0,0.0,0.0,0.0,0.0,0.0,0.0,0.0,0.0,3.3,1.096,1,4,0,828.0
8.0,3.0,9.0,9.0,1.0,1.0,1.0,2.0,3.0,3.0,0.0,0.0,0.0,0.0,0.0,0.0,0.0,0.0,0.0,0.0,0.0,0.0,0.0,0.0,0.0,0.0,0.0,0.0,0.0,0.0,0.0,0.0,0.0,0.0,0.584,0.059,1,4,0,823.0
2.0,16.0,23.0,25.0,1.0,3.0,5.0,14.0,15.0,22.0,0.0,0.0,0.0,0.0,0.0,0.0,0.0,0.0,0.0,0.0,0.0,0.0,0.0,0.0,0.0,0.0,0.0,0.0,0.0,0.072,0.081,0.0,0.0,0.0,0.369,0.0,1,4,0,844.0
3.0,0.0,1.0,13.0,0.0,3.0,11.0,2.0,3.0,15.0,0.0,0.0,5.0,0.0,0.0,1.0,0.0,0.0,0.0,0.0,0.0,0.0,0.0,0.0,0.0,0.0,0.0,0.0,0.0,0.0,15.6,0.0,0.0,0.0,71.1,0.369,1,4,0,8200.0
5.0,0.0,1.0,23.0,0.0,4.0,29.0,1.0,3.0,19.0,0.0,0.0,4.0,0.0,0.0,16.0,0.0,0.0,0.0,0.0,0.0,0.0,0.0,0.0,0.0,0.0,0.0,0.0,0.0,0.0,15.6,0.0,0.0,0.0,71.1,0.0,1,4,0,8300.0
6.0,10.0,25.0,100.0,0.0,3.0,54.0,2.0,4.0,33.0,0.0,0.0,29.0,0.0,0.0,1.0,0.0,0.0,0.0,0.0,0.0,0.0,0.0,0.0,0.0,0.0,0.0,1.0,37.4,39.1,40.4,0.0,0.0,0.0,7600.0,71.1,1,4,0,81000.0
8.0,1000.0,8000.0,12000.0,0.0,1.0,2.0,1.0,2.0,2.0,100.0,200.0,400.0,0.0,0.0,1.0,0.0,0.0,0.0,0.0,0.0,0.0,0.0,0.0,0.0,0.0,0.0,0.0,0.0,0.0,0.0,0.0,0.0,0.0,164300.0,704.8,1,4,0,813000.0
8.0,5000.0,9000.0,13000.0,0.0,1.0,2.0,1.0,2.0,9.0,91.0,300.0,400.0,0.0,0.0,0.0,0.0,0.0,0.0,0.0,0.0,0.0,0.0,0.0,0.0,0.0,0.0,0.0,0.0,0.0,0.0,0.0,0.0,0.0,726000.0,6900.0,1,8,0,828000.0
2.0,37.0,37.0,37.0,2.0,2.0,2.0,11.0,11.0,11.0,0.0,0.0,0.0,0.0,0.0,0.0,0.0,0.0,0.0,0.0,0.0,0.0,0.0,0.0,0.0,0.0,0.0,0.0,66.5,66.5,66.5,0.0,0.0,0.0,66.5,0.0,1,4,0,850.0
8.0,14.0,27.0,87.0,1.0,2.0,27.0,2.0,4.0,29.0,0.0,0.0,21.0,0.0,0.0,1.0,0.0,0.0,0.0,0.0,0.0,0.0,0.0,0.0,0.0,0.0,0.0,5.0,235.9,243.4,253.9,0.0,0.0,0.0,47500.0,66.5,1,8,0,81000.0
6.0,16.0,21.0,44.0,0.0,1.0,3.0,1.0,2.0,10.0,0.0,0.0,17.0,0.0,0.0,1.0,0.0,0.0,0.0,0.0,0.0,0.0,0.0,0.0,0.0,0.0,0.0,0.0,54.5,64.0,72.0,0.0,0.0,0.0,12500.0,5400.0,1,8,0,84000.0
8.0,7000.0,11000.0,16000.0,0.0,1.0,2.0,0.0,2.0,3.0,66.0,400.0,700.0,0.0,0.0,0.0,0.0,0.0,0.0,0.0,0.0,0.0,0.0,0.0,0.0,0.0,0.0,0.0,0.0,0.0,0.0,0.0,0.0,0.0,726000.0,42100.0,1,4,0,842000.0
8.0,2000.0,13000.0,14000.0,1.0,2.0,6.0,3.0,5.0,7.0,300.0,500.0,600.0,0.0,0.0,0.0,0.0,0.0,0.0,0.0,0.0,0.0,0.0,0.0,0.0,0.0,0.0,0.0,0.0,0.0,0.0,0.0,0.0,0.0,164300.0,12300.0,1,4,0,814000.0
8.0,3000.0,4000.0,4000.0,2.0,4.0,4.0,2.0,3.0,3.0,300.0,300.0,300.0,0.0,0.0,0.0,0.0,0.0,0.0,0.0,0.0,0.0,0.0,0.0,0.0,0.0,0.0,0.0,0.0,0.0,0.0,0.0,0.0,0.0,23300.0,236.4,1,8,0,84000.0
2.0,29.0,29.0,29.0,2.0,2.0,2.0,18.0,18.0,18.0,0.0,0.0,0.0,0.0,0.0,0.0,0.0,0.0,0.0,0.0,0.0,0.0,0.0,0.0,0.0,0.0,0.0,0.0,90.5,90.5,90.5,0.0,0.0,0.0,90.5,0.0,1,4,0,849.0
8.0,1.0,5.0,100.0,1.0,6.0,22.0,3.0,8.0,30.0,0.0,0.0,16.0,0.0,0.0,1.0,0.0,0.0,0.0,0.0,0.0,0.0,0.0,0.0,0.0,0.0,0.0,0.0,0.0,0.981,2.7,0.0,0.0,0.0,201.5,90.5,1,4,0,8700.0
6.0,11.0,54.0,200.0,2.0,5.0,39.0,4.0,8.0,33.0,0.0,0.0,19.0,0.0,0.0,1.0,0.0,0.0,0.0,0.0,0.0,0.0,0.0,0.0,0.0,0.0,0.0,5.0,19.6,21.3,22.6,0.0,0.0,0.0,4200.0,28.9,1,8,0,82000.0
6.0,37.0,100.0,200.0,0.0,2.0,25.0,2.0,4.0,30.0,0.0,15.0,39.0,0.0,0.0,3.0,0.0,0.0,0.0,0.0,0.0,0.0,0.0,0.0,0.0,0.0,0.0,1.0,34.5,57.2,81.7,0.0,0.0,0.0,11200.0,4100.0,1,4,0,83000.0
6.0,10.0,42.0,200.0,1.0,5.0,52.0,2.0,4.0,43.0,0.0,0.0,28.0,0.0,0.0,1.0,0.0,0.0,0.0,0.0,0.0,0.0,0.0,0.0,0.0,0.0,0.0,10.0,110.2,121.4,130.3,0.0,0.0,0.0,23600.0,172.6,1,4,0,82000.0
6.0,25.0,80.0,300.0,0.0,2.0,27.0,1.0,3.0,35.0,0.0,13.0,100.0,0.0,0.0,14.0,0.0,0.0,0.0,0.0,0.0,0.0,0.0,0.0,0.0,0.0,0.0,1.0,35.3,58.8,84.0,0.0,0.0,0.0,11500.0,23600.0,1,8,0,83000.0
6.0,1.0,3.0,200.0,0.0,3.0,55.0,1.0,3.0,24.0,0.0,0.0,200.0,0.0,0.0,17.0,0.0,0.0,0.0,0.0,0.0,0.0,0.0,0.0,0.0,0.0,0.0,0.0,0.0,0.0,5.6,0.0,0.0,0.0,59.7,60.0,1,4,0,85000.0
6.0,1.0,2.0,19.0,0.0,3.0,19.0,1.0,3.0,12.0,0.0,0.0,5.0,0.0,0.0,1.0,0.0,0.0,0.0,0.0,0.0,0.0,0.0,0.0,0.0,0.0,0.0,0.0,0.0,0.0,0.22,0.0,0.0,0.0,0.837,0.295,1,8,0,8600.0
6.0,1.0,2.0,35.0,0.0,1.0,14.0,1.0,2.0,25.0,0.0,0.0,19.0,0.0,0.0,1.0,0.0,0.0,0.0,0.0,0.0,0.0,0.0,0.0,0.0,0.0,0.0,0.0,0.0,0.0,86.6,0.0,0.0,0.0,1040.8,361.7,1,8,0,81000.0
6.0,1.0,3.0,82.0,0.0,2.0,12.0,1.0,3.0,200.0,0.0,0.0,200.0,0.0,0.0,1.0,0.0,0.0,0.0,0.0,0.0,0.0,0.0,0.0,0.0,0.0,0.0,0.0,0.0,0.0,0.284,0.0,0.0,0.0,1.155,0.358,1,4,0,81000.0
8.0,800.0,1000.0,1000.0,1.0,2.0,16.0,2.0,2.0,2.0,200.0,300.0,300.0,0.0,0.0,0.0,0.0,0.0,0.0,0.0,0.0,0.0,0.0,0.0,0.0,0.0,0.0,0.0,0.0,0.0,0.0,0.0,0.0,0.0,113700.0,11100.0,1,4,0,81000.0
8.0,43.0,58.0,58.0,1.0,2.0,2.0,2.0,2.0,2.0,6.0,6.0,6.0,0.0,1.0,1.0,0.0,0.0,0.0,0.0,0.0,0.0,0.0,0.0,0.0,0.0,0.0,0.0,0.0,0.0,0.0,0.0,0.0,0.0,1456.1,59.4,1,8,0,8700.0
8.0,7.0,8.0,8.0,1.0,1.0,1.0,1.0,2.0,2.0,0.0,0.0,0.0,0.0,0.0,0.0,0.0,0.0,0.0,0.0,0.0,0.0,0.0,0.0,0.0,0.0,0.0,0.0,0.0,0.0,0.0,0.0,0.0,0.0,3.3,0.778,1,8,0,821.0
8.0,3000.0,3000.0,3000.0,2.0,5.0,5.0,2.0,3.0,3.0,100.0,100.0,100.0,0.0,0.0,0.0,0.0,0.0,0.0,0.0,0.0,0.0,0.0,0.0,0.0,0.0,0.0,0.0,0.0,0.0,0.0,0.0,0.0,0.0,23100.0,22.2,1,4,0,83000.0
8.0,3000.0,5000.0,6000.0,2.0,9.0,13.0,3.0,7.0,23.0,200.0,500.0,600.0,0.0,0.0,0.0,0.0,0.0,0.0,0.0,0.0,0.0,0.0,0.0,0.0,0.0,0.0,0.0,0.0,0.0,0.0,0.0,0.0,0.0,113700.0,11100.0,1,8,0,86000.0
7.0,300.0,300.0,300.0,7.0,7.0,7.0,2.0,2.0,2.0,19.0,19.0,19.0,0.0,1.0,1.0,0.0,0.0,0.0,0.0,0.0,0.0,0.0,0.0,0.0,0.0,0.0,0.0,0.0,0.0,0.0,0.0,0.0,0.0,1456.1,1040.5,1,4,0,8300.0
8.0,78.0,88.0,88.0,5.0,17.0,17.0,1.0,8.0,8.0,0.0,0.0,0.0,0.0,0.0,0.0,0.0,0.0,0.0,0.0,0.0,0.0,0.0,0.0,0.0,0.0,0.0,0.0,0.0,0.0,0.0,0.0,0.0,0.0,0.584,0.059,1,8,0,8100.0
8.0,100.0,100.0,100.0,2.0,2.0,2.0,3.0,3.0,3.0,0.0,0.0,0.0,0.0,0.0,0.0,0.0,0.0,0.0,0.0,0.0,0.0,0.0,0.0,0.0,0.0,0.0,0.0,0.0,0.0,0.0,0.0,0.0,0.0,3.3,1.096,1,4,0,8200.0
8.0,5000.0,5000.0,5000.0,0.0,2.0,2.0,3.0,7.0,7.0,300.0,300.0,300.0,0.0,0.0,0.0,0.0,0.0,0.0,0.0,0.0,0.0,0.0,0.0,0.0,0.0,0.0,0.0,0.0,0.0,0.0,0.0,0.0,0.0,23100.0,32.2,1,8,0,85000.0
2.0,200.0,300.0,300.0,1.0,3.0,5.0,54.0,65.0,67.0,14.0,14.0,14.0,1.0,1.0,1.0,0.0,0.0,0.0,0.0,0.0,0.0,0.0,0.0,0.0,0.0,0.0,0.0,0.0,0.137,0.137,0.0,0.0,0.0,0.545,0.0,1,8,0,8300.0
3.0,1.0,4.0,38.0,1.0,7.0,30.0,3.0,8.0,38.0,0.0,0.0,5.0,0.0,0.0,2.0,0.0,0.0,0.0,0.0,0.0,0.0,0.0,0.0,0.0,0.0,0.0,0.0,0.0,0.0,3.2,0.0,0.0,0.0,12.6,0.545,1,8,0,8600.0
5.0,1.0,4.0,59.0,1.0,10.0,30.0,2.0,5.0,23.0,0.0,0.0,3.0,0.0,0.0,2.0,0.0,0.0,0.0,0.0,0.0,0.0,0.0,0.0,0.0,0.0,0.0,0.0,0.0,0.0,3.2,0.0,0.0,0.0,12.6,0.0,1,4,0,8600.0
8.0,7000.0,12000.0,17000.0,2.0,7.0,66.0,4.0,19.0,300.0,62.0,100.0,300.0,0.0,0.0,2.0,0.0,0.0,0.0,0.0,0.0,0.0,0.0,0.0,0.0,0.0,0.0,0.0,0.0,0.0,0.0,0.0,0.0,0.0,726000.0,12.6,1,4,0,840000.0
2,200.0,2000.0,2000.0,30.0,100.0,200.0,3.0,500.0,500.0,0.0,100.0,100.0,0.0,1.0,1.0,0,0,0,0.0,0.0,0.0,0,0,0,0,0,0,0,0,0,0,0,0,4000.0,0.0,8,1,8,3000.0
5,700.0,3000.0,3000.0,11.0,88.0,100.0,17.0,700.0,700.0,0.0,200.0,200.0,0.0,1.0,2.0,0,0,0,0.0,0.0,0.0,0,0,0,0,0,0,0,0,0,0,0,0,3300.0,20100.0,8,1,8,5000.0
5,80.0,2000.0,2000.0,15.0,52.0,100.0,19.0,600.0,600.0,0.0,85.0,85.0,0.0,0.0,1.0,0,0,0,0.0,0.0,0.0,0,0,0,0,0,0,0,0,0,0,0,0,33.4,206.0,8,1,8,2000.0
2,200.0,1000.0,1000.0,100.0,300.0,400.0,4.0,500.0,500.0,0.0,94.0,94.0,60.0,300.0,400.0,0,0,0,0.0,0.0,0.0,0,0,0,0,0,0,0,0,0,0,0,0,234.9,0.0,8,1,8,3000.0
5,100.0,2000.0,2000.0,9.0,68.0,100.0,12.0,600.0,600.0,0.0,100.0,100.0,0.0,0.0,1.0,0,0,0,0.0,0.0,0.0,0,0,0,0,0,0,0,0,0,0,0,0,355.0,1174.4,8,1,8,3000.0
3,100.0,1000.0,1000.0,13.0,100.0,200.0,3.0,500.0,500.0,0.0,81.0,81.0,1.0,1.0,4.0,0,0,0,0.0,0.0,0.0,0,0,0,0,0,0,0,0,0,0,0,0,410.0,0.0,8,1,8,2000.0
5,200.0,2000.0,2000.0,13.0,100.0,100.0,16.0,600.0,700.0,15.0,96.0,96.0,0.0,0.0,1.0,0,0,0,0.0,0.0,0.0,0,0,0,0,0,0,0,0,0,0,0,0,330.1,2000.0,8,1,8,3000.0
3,100.0,1000.0,1000.0,10.0,89.0,100.0,7.0,500.0,500.0,0.0,82.0,82.0,0.0,1.0,2.0,0,0,0,0.0,0.0,0.0,0,0,0,0,0,0,0,0,0,0,0,0,410.2,0.0,8,1,8,2000.0
5,100.0,1000.0,2000.0,14.0,64.0,88.0,26.0,600.0,700.0,14.0,88.0,100.0,0.0,0.0,0.0,0,0,0,0.0,0.0,0.0,0,0,0,0,0,0,0,0,0,0,0,0,330.7,2000.0,8,1,8,3000.0
2,200.0,2000.0,2000.0,11.0,100.0,200.0,3.0,500.0,500.0,22.0,86.0,86.0,1.0,3.0,4.0,0,0,0,0.0,0.0,0.0,0,0,0,0,0,0,0,0,0,0,0,0,488.8,0.0,8,1,8,3000.0
5,200.0,1000.0,1000.0,21.0,99.0,100.0,13.0,700.0,700.0,0.0,97.0,97.0,0.0,0.0,1.0,0,0,0,0.0,0.0,0.0,0,0,0,0,0,0,0,0,0,0,0,0,557.3,2400.0,8,1,8,2000.0
3,300.0,1000.0,1000.0,100.0,600.0,1000.0,8.0,500.0,600.0,0.0,100.0,100.0,75.0,200.0,300.0,0,0,0,0.0,0.0,0.0,0,0,0,0,0,0,0,0,0,0,0,0,156.0,0.0,8,1,8,4000.0
5,300.0,2000.0,2000.0,9.0,82.0,100.0,16.0,600.0,600.0,0.0,85.0,85.0,0.0,0.0,1.0,0,0,0,0.0,0.0,0.0,0,0,0,0,0,0,0,0,0,0,0,0,56.5,779.8,8,1,8,3000.0
3,80.0,1000.0,1000.0,200.0,600.0,900.0,5.0,600.0,600.0,0.0,100.0,300.0,31.0,100.0,300.0,0,0,0,0.0,0.0,0.0,0,0,0,0,0,0,0,0,0,0,0,0,156.0,0.0,8,1,8,3000.0
5,400.0,2000.0,2000.0,7.0,58.0,100.0,18.0,600.0,600.0,0.0,79.0,79.0,0.0,0.0,1.0,0,0,0,0.0,0.0,0.0,0,0,0,0,0,0,0,0,0,0,0,0,56.6,779.8,8,1,8,3000.0
3,200.0,2000.0,2000.0,30.0,95.0,100.0,5.0,600.0,600.0,0.0,100.0,100.0,0.0,0.0,1.0,0,0,0,0.0,0.0,0.0,0,0,0,0,0,0,0,0,0,0,0,0,1171.6,0.0,8,1,8,2000.0
5,400.0,2000.0,2000.0,16.0,200.0,200.0,38.0,800.0,800.0,0.0,100.0,100.0,0.0,0.0,4.0,0,0,0,0.0,0.0,0.0,0,0,0,0,0,0,0,0,0,0,0,0,1980.3,5700.0,8,1,8,3000.0
3,200.0,1000.0,2000.0,14.0,90.0,100.0,5.0,500.0,500.0,0.0,78.0,78.0,0.0,0.0,1.0,0,0,0,0.0,0.0,0.0,0,0,0,0,0,0,0,0,0,0,0,0,1171.3,0.0,8,1,8,2000.0
5,200.0,2000.0,2000.0,9.0,65.0,86.0,22.0,600.0,600.0,0.0,100.0,100.0,0.0,0.0,1.0,0,0,0,0.0,0.0,0.0,0,0,0,0,0,0,0,0,0,0,0,0,1979.5,5700.0,8,1,8,3000.0
3,100.0,1000.0,1000.0,10.0,100.0,100.0,5.0,500.0,500.0,14.0,62.0,62.0,0.0,1.0,2.0,0,0,0,0.0,0.0,0.0,0,0,0,0,0,0,0,0,0,0,0,0,234.9,0.0,8,1,8,2000.0
5,100.0,2000.0,2000.0,8.0,54.0,91.0,19.0,600.0,600.0,0.0,94.0,94.0,0.0,0.0,0.0,0,0,0,0.0,0.0,0.0,0,0,0,0,0,0,0,0,0,0,0,0,355.0,1174.4,8,1,8,2000.0
3,100.0,1000.0,1000.0,25.0,100.0,200.0,3.0,600.0,600.0,0.0,77.0,94.0,0.0,3.0,10.0,0,0,0,0.0,0.0,0.0,0,0,0,0,0,0,0,0,0,0,0,0,234.9,0.0,8,1,8,2000.0
5,300.0,2000.0,2000.0,6.0,58.0,100.0,13.0,800.0,800.0,0.0,95.0,95.0,0.0,0.0,1.0,0,0,0,0.0,0.0,0.0,0,0,0,0,0,0,0,0,0,0,0,0,355.1,1174.4,8,1,8,3000.0
3,1000.0,1000.0,2000.0,83.0,2000.0,2000.0,3.0,500.0,500.0,200.0,200.0,2000.0,300.0,400.0,2000.0,0,0,0,0.0,0.0,0.0,0,0,0,0,0,0,0,0,0,0,0,0,156.0,0.0,8,1,8,8000.0
5,600.0,2000.0,3000.0,11.0,73.0,100.0,16.0,900.0,900.0,24.0,81.0,100.0,0.0,0.0,0.0,0,0,0,0.0,0.0,0.0,0,0,0,0,0,0,0,0,0,0,0,0,56.7,779.8,8,1,8,4000.0
3,19000.0,54000.0,54000.0,16.0,4000.0,15000.0,5.0,1000.0,1000.0,2000.0,5000.0,5000.0,13.0,2000.0,2000.0,0,0,0,0.0,0.0,0.0,0,0,0,0,0,0,0,0,0,0,0,0,203100.0,0.0,8,1,8,84000.0
5,15000.0,57000.0,57000.0,15.0,3000.0,3000.0,20.0,2000.0,2000.0,53.0,2000.0,2000.0,0.0,1.0,2.0,0,0,0,0.0,0.0,0.0,0,0,0,0,0,0,0,0,0,0,0,0,109600.0,1015500.0,8,1,8,78000.0
3,1000.0,1000.0,3000.0,100.0,4000.0,7000.0,7.0,600.0,600.0,10.0,100.0,5000.0,62.0,300.0,5000.0,0,0,0,0.0,0.0,0.0,0,0,0,0,0,0,0,0,0,0,0,0,156.0,0.0,8,1,8,12000.0
5,92.0,2000.0,2000.0,20.0,100.0,100.0,18.0,700.0,700.0,0.0,100.0,100.0,0.0,1.0,2.0,0,0,0,0.0,0.0,0.0,0,0,0,0,0,0,0,0,0,0,0,0,56.7,779.8,8,1,8,3000.0
3,300.0,2000.0,2000.0,18.0,200.0,200.0,5.0,600.0,600.0,0.0,100.0,100.0,26.0,80.0,100.0,0,0,0,0.0,0.0,0.0,0,0,0,0,0,0,0,0,0,0,0,0,3100.0,0.0,8,1,8,3000.0
5,300.0,3000.0,3000.0,14.0,95.0,100.0,22.0,800.0,800.0,6.0,100.0,100.0,0.0,1.0,1.0,0,0,0,0.0,0.0,0.0,0,0,0,0,0,0,0,0,0,0,0,0,3800.0,15700.0,8,1,8,4000.0
3,84.0,1000.0,1000.0,300.0,3000.0,3000.0,6.0,600.0,600.0,0.0,100.0,100.0,19.0,200.0,200.0,0,0,0,0.0,0.0,0.0,0,0,0,0,0,0,0,0,0,0,0,0,156.0,0.0,8,1,8,8000.0
5,100.0,1000.0,2000.0,14.0,100.0,200.0,15.0,700.0,700.0,0.0,97.0,97.0,0.0,0.0,1.0,0,0,0,0.0,0.0,0.0,0,0,0,0,0,0,0,0,0,0,0,0,56.7,779.8,8,1,8,3000.0
3,75.0,1000.0,1000.0,25.0,100.0,200.0,4.0,700.0,700.0,0.0,100.0,100.0,0.0,0.0,1.0,0,0,0,0.0,0.0,0.0,0,0,0,0,0,0,0,0,0,0,0,0,156.0,0.0,8,1,8,2000.0
5,92.0,4000.0,4000.0,12.0,97.0,100.0,16.0,600.0,600.0,0.0,100.0,100.0,0.0,0.0,0.0,0,0,0,0.0,0.0,0.0,0,0,0,0,0,0,0,0,0,0,0,0,56.7,779.8,8,1,8,5000.0
3,74.0,1000.0,1000.0,18.0,300.0,300.0,5.0,600.0,600.0,0.0,86.0,86.0,0.0,1.0,6.0,0,0,0,0.0,0.0,0.0,0,0,0,0,0,0,0,0,0,0,0,0,156.0,0.0,8,1,8,2000.0
5,300.0,5000.0,5000.0,17.0,300.0,300.0,42.0,700.0,700.0,21.0,79.0,79.0,0.0,1.0,1.0,0,0,0,0.0,0.0,0.0,0,0,0,0,0,0,0,0,0,0,0,0,56.6,779.8,8,1,8,6000.0
3,64.0,1000.0,1000.0,30.0,88.0,100.0,6.0,700.0,700.0,0.0,93.0,93.0,0.0,1.0,3.0,0,0,0,0.0,0.0,0.0,0,0,0,0,0,0,0,0,0,0,0,0,156.0,0.0,8,1,8,2000.0
5,300.0,4000.0,4000.0,8.0,100.0,100.0,11.0,1000.0,1000.0,0.0,700.0,700.0,0.0,0.0,0.0,0,0,0,0.0,0.0,0.0,0,0,0,0,0,0,0,0,0,0,0,0,56.6,779.8,8,1,8,6000.0
3,200.0,6000.0,6000.0,70.0,300.0,300.0,10.0,700.0,700.0,0.0,100.0,100.0,17.0,100.0,100.0,0,0,0,0.0,0.0,0.0,0,0,0,0,0,0,0,0,0,0,0,0,933.3,0.0,8,1,8,8000.0
5,600.0,6000.0,6000.0,9.0,74.0,100.0,16.0,600.0,600.0,14.0,1000.0,1000.0,0.0,0.0,0.0,0,0,0,0.0,0.0,0.0,0,0,0,0,0,0,0,0,0,0,0,0,411.7,4600.0,8,1,8,7000.0
3,300.0,2000.0,2000.0,200.0,400.0,500.0,6.0,700.0,700.0,0.0,92.0,100.0,28.0,100.0,200.0,0,0,0,0.0,0.0,0.0,0,0,0,0,0,0,0,0,0,0,0,0,650.3,0.0,8,1,8,3000.0
5,200.0,2000.0,2000.0,7.0,70.0,100.0,18.0,700.0,700.0,0.0,200.0,200.0,0.0,0.0,1.0,0,0,0,0.0,0.0,0.0,0,0,0,0,0,0,0,0,0,0,0,0,113.3,3200.0,8,1,8,4000.0
3,75.0,2000.0,2000.0,200.0,300.0,400.0,5.0,1000.0,1000.0,0.0,200.0,200.0,36.0,100.0,200.0,0,0,0,0.0,0.0,0.0,0,0,0,0,0,0,0,0,0,0,0,0,156.0,0.0,8,1,8,4000.0
5,600.0,2000.0,2000.0,28.0,100.0,200.0,34.0,700.0,700.0,0.0,100.0,100.0,0.0,0.0,1.0,0,0,0,0.0,0.0,0.0,0,0,0,0,0,0,0,0,0,0,0,0,355.2,779.8,8,1,8,3000.0
3,200.0,1000.0,1000.0,24.0,200.0,300.0,6.0,500.0,500.0,49.0,78.0,78.0,41.0,200.0,300.0,0,0,0,0.0,0.0,0.0,0,0,0,0,0,0,0,0,0,0,0,0,156.0,0.0,8,1,8,2000.0
5,100.0,2000.0,2000.0,17.0,79.0,95.0,21.0,700.0,700.0,0.0,100.0,100.0,0.0,0.0,1.0,0,0,0,0.0,0.0,0.0,0,0,0,0,0,0,0,0,0,0,0,0,355.1,779.8,8,1,8,3000.0
3,100.0,2000.0,2000.0,300.0,400.0,400.0,6.0,600.0,600.0,0.0,96.0,96.0,0.0,1.0,2.0,0,0,0,0.0,0.0,0.0,0,0,0,0,0,0,0,0,0,0,0,0,1015.8,0.0,8,1,8,3000.0
5,200.0,4000.0,4000.0,8.0,100.0,200.0,13.0,800.0,800.0,0.0,100.0,100.0,0.0,0.0,1.0,0,0,0,0.0,0.0,0.0,0,0,0,0,0,0,0,0,0,0,0,0,710.1,5000.0,8,1,8,5000.0
3,300.0,2000.0,2000.0,36.0,51.0,400.0,3.0,600.0,600.0,0.0,92.0,92.0,0.0,0.0,1.0,0,0,0,0.0,0.0,0.0,0,0,0,0,0,0,0,0,0,0,0,0,1071.9,0.0,8,1,8,3000.0
5,100.0,4000.0,4000.0,19.0,87.0,100.0,16.0,600.0,700.0,0.0,100.0,100.0,0.0,0.0,1.0,0,0,0,0.0,0.0,0.0,0,0,0,0,0,0,0,0,0,0,0,0,1122.0,5200.0,8,1,8,5000.0
3,200.0,2000.0,2000.0,18.0,86.0,200.0,9.0,500.0,500.0,0.0,100.0,100.0,23.0,39.0,94.0,0,0,0,0.0,0.0,0.0,0,0,0,0,0,0,0,0,0,0,0,0,499.2,0.0,8,1,8,3000.0
5,300.0,2000.0,2000.0,16.0,69.0,100.0,17.0,700.0,700.0,0.0,100.0,100.0,0.0,0.0,1.0,0,0,0,0.0,0.0,0.0,0,0,0,0,0,0,0,0,0,0,0,0,1065.4,2400.0,8,1,8,3000.0
3,700.0,2000.0,2000.0,17.0,100.0,100.0,7.0,600.0,600.0,100.0,100.0,500.0,0.0,4.0,7.0,0,0,0,0.0,0.0,0.0,0,0,0,0,0,0,0,0,0,0,0,0,2100.0,0.0,8,1,8,3000.0
5,500.0,6000.0,6000.0,8.0,300.0,400.0,14.0,6000.0,6000.0,8.0,200.0,200.0,0.0,1.0,1.0,0,0,0,0.0,0.0,0.0,0,0,0,0,0,0,0,0,0,0,0,0,3300.0,10300.0,8,1,8,13000.0
4,200.0,6000.0,6000.0,26.0,200.0,300.0,5.0,1000.0,1000.0,0.0,98.0,98.0,0.0,0.0,2.0,0,0,0,0.0,0.0,0.0,0,0,0,0,0,0,0,0,0,0,0,0,234.9,0.0,8,1,8,8000.0
5,300.0,5000.0,5000.0,9.0,100.0,200.0,17.0,1000.0,1000.0,0.0,100.0,100.0,0.0,0.0,1.0,0,0,0,0.0,0.0,0.0,0,0,0,0,0,0,0,0,0,0,0,0,355.1,1057.1,8,1,8,7000.0
